x1 x2 x3 x4
0.27608000 0.22958000 0.24799000 0.24635000
0.27614307 0.22957730 0.24793131 0.24634832
0.27620592 0.22957476 0.24787265 0.24634668
0.27626856 0.22957236 0.24781401 0.24634507
0.27633098 0.22957012 0.24775541 0.24634349
0.27639319 0.22956803 0.24769684 0.24634194
0.27645518 0.22956610 0.24763830 0.24634042
0.27651696 0.22956431 0.24757979 0.24633894
0.27657852 0.22956268 0.24752131 0.24633749
0.27663986 0.22956120 0.24746286 0.24633608
0.27670099 0.22955987 0.24740445 0.24633469
0.27676190 0.22955869 0.24734607 0.24633334
0.27682259 0.22955767 0.24728772 0.24633202
0.27688306 0.22955680 0.24722941 0.24633074
0.27694331 0.22955607 0.24717113 0.24632948
0.27700334 0.22955551 0.24711289 0.24632826
0.27706315 0.22955509 0.24705468 0.24632707
0.27712274 0.22955483 0.24699651 0.24632592
0.27718211 0.22955472 0.24693837 0.24632480
0.27724126 0.22955476 0.24688027 0.24632370
0.27730019 0.22955495 0.24682221 0.24632265
0.27735890 0.22955529 0.24676419 0.24632162
0.27741738 0.22955579 0.24670620 0.24632063
0.27747564 0.22955644 0.24664825 0.24631967
0.27753368 0.22955724 0.24659034 0.24631874
0.27759149 0.22955819 0.24653247 0.24631784
0.27764908 0.22955930 0.24647464 0.24631698
0.27770645 0.22956055 0.24641685 0.24631615
0.27776359 0.22956196 0.24635910 0.24631535
0.27782050 0.22956352 0.24630139 0.24631458
0.27787719 0.22956524 0.24624373 0.24631385
0.27793365 0.22956710 0.24618610 0.24631315
0.27798989 0.22956912 0.24612852 0.24631248
0.27804590 0.22957129 0.24607098 0.24631184
0.27810168 0.22957361 0.24601348 0.24631123
0.27815723 0.22957608 0.24595602 0.24631066
0.27821256 0.22957870 0.24589861 0.24631012
0.27826766 0.22958148 0.24584125 0.24630961
0.27832253 0.22958441 0.24578393 0.24630914
0.27837716 0.22958749 0.24572665 0.24630870
0.27843157 0.22959072 0.24566942 0.24630828
0.27848575 0.22959410 0.24561224 0.24630790
0.27853970 0.22959763 0.24555510 0.24630756
0.27859342 0.22960132 0.24549801 0.24630724
0.27864691 0.22960516 0.24544097 0.24630696
0.27870017 0.22960915 0.24538398 0.24630671
0.27875319 0.22961329 0.24532703 0.24630649
0.27880598 0.22961758 0.24527013 0.24630631
0.27885854 0.22962203 0.24521328 0.24630615
0.27891087 0.22962662 0.24515648 0.24630603
0.27896296 0.22963137 0.24509973 0.24630594
0.27901482 0.22963627 0.24504303 0.24630588
0.27906645 0.22964131 0.24498638 0.24630586
0.27911784 0.22964652 0.24492979 0.24630586
0.27916899 0.22965187 0.24487324 0.24630590
0.27921991 0.22965737 0.24481675 0.24630597
0.27927060 0.22966302 0.24476030 0.24630607
0.27932105 0.22966883 0.24470391 0.24630621
0.27937126 0.22967479 0.24464758 0.24630637
0.27942124 0.22968089 0.24459130 0.24630657
0.27947098 0.22968715 0.24453507 0.24630680
0.27952048 0.22969356 0.24447889 0.24630706
0.27956975 0.22970012 0.24442277 0.24630736
0.27961877 0.22970683 0.24436671 0.24630768
0.27966756 0.22971370 0.24431070 0.24630804
0.27971611 0.22972071 0.24425475 0.24630843
0.27976443 0.22972787 0.24419885 0.24630885
0.27981250 0.22973519 0.24414302 0.24630930
0.27986033 0.22974265 0.24408723 0.24630978
0.27990792 0.22975027 0.24403151 0.24631030
0.27995528 0.22975803 0.24397584 0.24631085
0.28000239 0.22976595 0.24392024 0.24631143
0.28004926 0.22977402 0.24386469 0.24631204
0.28009589 0.22978223 0.24380920 0.24631268
0.28014228 0.22979060 0.24375377 0.24631335
0.28018842 0.22979912 0.24369840 0.24631406
0.28023433 0.22980779 0.24364309 0.24631480
0.28027999 0.22981660 0.24358784 0.24631557
0.28032541 0.22982557 0.24353265 0.24631637
0.28037059 0.22983469 0.24347753 0.24631720
0.28041552 0.22984396 0.24342246 0.24631806
0.28046021 0.22985338 0.24336746 0.24631896
0.28050465 0.22986294 0.24331252 0.24631988
0.28054886 0.22987266 0.24325765 0.24632084
0.28059281 0.22988253 0.24320283 0.24632183
0.28063652 0.22989254 0.24314809 0.24632285
0.28067999 0.22990271 0.24309340 0.24632390
0.28072321 0.22991302 0.24303878 0.24632498
0.28076618 0.22992349 0.24298423 0.24632610
0.28080891 0.22993410 0.24292974 0.24632724
0.28085140 0.22994487 0.24287532 0.24632842
0.28089363 0.22995578 0.24282096 0.24632963
0.28093562 0.22996684 0.24276667 0.24633087
0.28097736 0.22997805 0.24271245 0.24633214
0.28101886 0.22998941 0.24265829 0.24633344
0.28106010 0.23000092 0.24260421 0.24633477
0.28110110 0.23001258 0.24255019 0.24633614
0.28114185 0.23002438 0.24249624 0.24633753
0.28118235 0.23003634 0.24244235 0.24633896
0.28122261 0.23004844 0.24238854 0.24634041
0.28126261 0.23006069 0.24233480 0.24634190
0.28130236 0.23007309 0.24228112 0.24634342
0.28134187 0.23008564 0.24222752 0.24634497
0.28138112 0.23009834 0.24217399 0.24634655
0.28142013 0.23011118 0.24212053 0.24634816
0.28145888 0.23012417 0.24206714 0.24634980
0.28149738 0.23013732 0.24201382 0.24635148
0.28153563 0.23015060 0.24196058 0.24635318
0.28157364 0.23016404 0.24190741 0.24635492
0.28161138 0.23017762 0.24185431 0.24635668
0.28164888 0.23019136 0.24180128 0.24635848
0.28168613 0.23020524 0.24174833 0.24636031
0.28172312 0.23021926 0.24169545 0.24636216
0.28175986 0.23023344 0.24164265 0.24636405
0.28179635 0.23024776 0.24158992 0.24636597
0.28183258 0.23026223 0.24153727 0.24636792
0.28186857 0.23027684 0.24148469 0.24636990
0.28190429 0.23029160 0.24143219 0.24637191
0.28193977 0.23030651 0.24137976 0.24637395
0.28197499 0.23032157 0.24132741 0.24637603
0.28200996 0.23033677 0.24127514 0.24637813
0.28204467 0.23035212 0.24122295 0.24638026
0.28207913 0.23036762 0.24117083 0.24638242
0.28211333 0.23038326 0.24111879 0.24638462
0.28214728 0.23039905 0.24106683 0.24638684
0.28218097 0.23041499 0.24101495 0.24638909
0.28221441 0.23043107 0.24096315 0.24639138
0.28224759 0.23044729 0.24091143 0.24639369
0.28228051 0.23046367 0.24085978 0.24639604
0.28231318 0.23048018 0.24080822 0.24639841
0.28234560 0.23049685 0.24075674 0.24640082
0.28237775 0.23051366 0.24070534 0.24640325
0.28240965 0.23053061 0.24065402 0.24640572
0.28244129 0.23054771 0.24060278 0.24640821
0.28247268 0.23056496 0.24055162 0.24641074
0.28250381 0.23058235 0.24050055 0.24641329
0.28253468 0.23059989 0.24044956 0.24641588
0.28256529 0.23061757 0.24039865 0.24641849
0.28259564 0.23063539 0.24034783 0.24642114
0.28262574 0.23065336 0.24029709 0.24642381
0.28265558 0.23067148 0.24024643 0.24642652
0.28268516 0.23068974 0.24019586 0.24642925
0.28271448 0.23070814 0.24014537 0.24643201
0.28274354 0.23072669 0.24009496 0.24643481
0.28277234 0.23074538 0.24004465 0.24643763
0.28280089 0.23076422 0.23999441 0.24644048
0.28282917 0.23078319 0.23994427 0.24644337
0.28285720 0.23080232 0.23989421 0.24644628
0.28288496 0.23082158 0.23984424 0.24644922
0.28291246 0.23084099 0.23979435 0.24645219
0.28293971 0.23086055 0.23974455 0.24645519
0.28296669 0.23088025 0.23969484 0.24645822
0.28299341 0.23090009 0.23964522 0.24646128
0.28301988 0.23092007 0.23959569 0.24646437
0.28304608 0.23094019 0.23954624 0.24646749
0.28307202 0.23096046 0.23949688 0.24647063
0.28309770 0.23098087 0.23944762 0.24647381
0.28312312 0.23100143 0.23939844 0.24647702
0.28314827 0.23102212 0.23934935 0.24648025
0.28317317 0.23104296 0.23930036 0.24648352
0.28319780 0.23106394 0.23925145 0.24648681
0.28322217 0.23108506 0.23920264 0.24649013
0.28324628 0.23110632 0.23915391 0.24649348
0.28327013 0.23112773 0.23910528 0.24649686
0.28329371 0.23114928 0.23905674 0.24650027
0.28331704 0.23117096 0.23900829 0.24650371
0.28334009 0.23119279 0.23895994 0.24650718
0.28336289 0.23121476 0.23891167 0.24651067
0.28338542 0.23123688 0.23886351 0.24651420
0.28340769 0.23125913 0.23881543 0.24651775
0.28342970 0.23128152 0.23876745 0.24652133
0.28345144 0.23130405 0.23871956 0.24652494
0.28347292 0.23132673 0.23867177 0.24652858
0.28349414 0.23134954 0.23862407 0.24653225
0.28351509 0.23137249 0.23857647 0.24653594
0.28353578 0.23139559 0.23852896 0.24653967
0.28355621 0.23141882 0.23848155 0.24654342
0.28357637 0.23144220 0.23843423 0.24654720
0.28359626 0.23146571 0.23838701 0.24655101
0.28361590 0.23148936 0.23833989 0.24655485
0.28363526 0.23151315 0.23829287 0.24655872
0.28365437 0.23153708 0.23824594 0.24656261
0.28367320 0.23156115 0.23819911 0.24656654
0.28369178 0.23158536 0.23815237 0.24657049
0.28371009 0.23160971 0.23810574 0.24657447
0.28372813 0.23163419 0.23805920 0.24657848
0.28374591 0.23165881 0.23801277 0.24658251
0.28376342 0.23168358 0.23796643 0.24658658
0.28378067 0.23170847 0.23792019 0.24659067
0.28379765 0.23173351 0.23787405 0.24659479
0.28381437 0.23175869 0.23782801 0.24659893
0.28383082 0.23178400 0.23778207 0.24660311
0.28384700 0.23180945 0.23773624 0.24660731
0.28386292 0.23183503 0.23769050 0.24661154
0.28387858 0.23186076 0.23764486 0.24661580
0.28389397 0.23188662 0.23759933 0.24662009
0.28390909 0.23191262 0.23755390 0.24662440
0.28392394 0.23193875 0.23750857 0.24662874
0.28393853 0.23196502 0.23746334 0.24663311
0.28395286 0.23199143 0.23741821 0.24663751
0.28396691 0.23201797 0.23737319 0.24664193
0.28398070 0.23204465 0.23732827 0.24664638
0.28399423 0.23207146 0.23728346 0.24665086
0.28400748 0.23209841 0.23723874 0.24665536
0.28402047 0.23212549 0.23719414 0.24665990
0.28403320 0.23215271 0.23714963 0.24666446
0.28404566 0.23218007 0.23710523 0.24666904
0.28405785 0.23220756 0.23706094 0.24667366
0.28406977 0.23223518 0.23701675 0.24667830
0.28408143 0.23226294 0.23697267 0.24668297
0.28409282 0.23229083 0.23692869 0.24668766
0.28410394 0.23231886 0.23688482 0.24669238
0.28411479 0.23234702 0.23684106 0.24669713
0.28412538 0.23237531 0.23679740 0.24670191
0.28413570 0.23240374 0.23675385 0.24670671
0.28414576 0.23243230 0.23671040 0.24671154
0.28415554 0.23246100 0.23666706 0.24671640
0.28416506 0.23248982 0.23662384 0.24672128
0.28417431 0.23251878 0.23658071 0.24672619
0.28418330 0.23254788 0.23653770 0.24673112
0.28419201 0.23257710 0.23649480 0.24673609
0.28420046 0.23260646 0.23645200 0.24674107
0.28420864 0.23263595 0.23640932 0.24674609
0.28421656 0.23266557 0.23636674 0.24675113
0.28422421 0.23269532 0.23632427 0.24675620
0.28423158 0.23272521 0.23628191 0.24676129
0.28423870 0.23275523 0.23623967 0.24676641
0.28424554 0.23278537 0.23619753 0.24677156
0.28425212 0.23281565 0.23615550 0.24677673
0.28425842 0.23284606 0.23611359 0.24678193
0.28426446 0.23287660 0.23607179 0.24678715
0.28427024 0.23290727 0.23603009 0.24679240
0.28427574 0.23293807 0.23598851 0.24679768
0.28428098 0.23296900 0.23594704 0.24680298
0.28428595 0.23300006 0.23590569 0.24680831
0.28429065 0.23303125 0.23586444 0.24681366
0.28429508 0.23306257 0.23582331 0.24681904
0.28429925 0.23309401 0.23578229 0.24682444
0.28430315 0.23312559 0.23574139 0.24682987
0.28430678 0.23315730 0.23570060 0.24683533
0.28431014 0.23318913 0.23565992 0.24684081
0.28431324 0.23322109 0.23561935 0.24684631
0.28431607 0.23325318 0.23557890 0.24685185
0.28431863 0.23328540 0.23553857 0.24685740
0.28432092 0.23331775 0.23549835 0.24686299
0.28432294 0.23335022 0.23545824 0.24686859
0.28432470 0.23338282 0.23541825 0.24687423
0.28432619 0.23341555 0.23537838 0.24687988
0.28432741 0.23344841 0.23533862 0.24688557
0.28432836 0.23348139 0.23529898 0.24689127
0.28432905 0.23351450 0.23525945 0.24689701
0.28432946 0.23354773 0.23522004 0.24690276
0.28432961 0.23358109 0.23518075 0.24690854
0.28432950 0.23361458 0.23514157 0.24691435
0.28432911 0.23364819 0.23510252 0.24692018
0.28432846 0.23368193 0.23506357 0.24692604
0.28432754 0.23371579 0.23502475 0.24693192
0.28432635 0.23374978 0.23498604 0.24693783
0.28432490 0.23378389 0.23494746 0.24694376
0.28432318 0.23381813 0.23490899 0.24694971
0.28432119 0.23385249 0.23487064 0.24695569
0.28431893 0.23388697 0.23483241 0.24696169
0.28431641 0.23392158 0.23479429 0.24696772
0.28431362 0.23395631 0.23475630 0.24697377
0.28431056 0.23399117 0.23471843 0.24697984
0.28430723 0.23402615 0.23468067 0.24698594
0.28430364 0.23406125 0.23464304 0.24699207
0.28429978 0.23409648 0.23460553 0.24699821
0.28429566 0.23413182 0.23456813 0.24700439
0.28429126 0.23416729 0.23453086 0.24701058
0.28428660 0.23420289 0.23449371 0.24701680
0.28428168 0.23423860 0.23445668 0.24702304
0.28427648 0.23427444 0.23441977 0.24702931
0.28427102 0.23431039 0.23438298 0.24703560
0.28426530 0.23434647 0.23434632 0.24704191
0.28425930 0.23438267 0.23430978 0.24704825
0.28425304 0.23441899 0.23427336 0.24705461
0.28424652 0.23445543 0.23423706 0.24706099
0.28423973 0.23449199 0.23420088 0.24706740
0.28423267 0.23452867 0.23416483 0.24707383
0.28422534 0.23456547 0.23412890 0.24708029
0.28421775 0.23460239 0.23409309 0.24708676
0.28420990 0.23463943 0.23405741 0.24709326
0.28420178 0.23467658 0.23402185 0.24709979
0.28419339 0.23471386 0.23398642 0.24710633
0.28418474 0.23475126 0.23395111 0.24711290
0.28417582 0.23478877 0.23391592 0.24711949
0.28416663 0.23482640 0.23388086 0.24712611
0.28415718 0.23486415 0.23384593 0.24713274
0.28414747 0.23490202 0.23381112 0.24713940
0.28413749 0.23494000 0.23377643 0.24714608
0.28412724 0.23497810 0.23374187 0.24715279
0.28411673 0.23501632 0.23370743 0.24715952
0.28410595 0.23505465 0.23367313 0.24716627
0.28409491 0.23509310 0.23363894 0.24717304
0.28408361 0.23513167 0.23360489 0.24717983
0.28407204 0.23517035 0.23357096 0.24718665
0.28406021 0.23520915 0.23353715 0.24719349
0.28404811 0.23524807 0.23350348 0.24720035
0.28403574 0.23528709 0.23346993 0.24720723
0.28402312 0.23532624 0.23343651 0.24721414
0.28401023 0.23536550 0.23340321 0.24722106
0.28399707 0.23540487 0.23337005 0.24722801
0.28398365 0.23544435 0.23333701 0.24723498
0.28396997 0.23548395 0.23330410 0.24724197
0.28395603 0.23552367 0.23327132 0.24724899
0.28394182 0.23556349 0.23323866 0.24725602
0.28392735 0.23560343 0.23320614 0.24726308
0.28391261 0.23564349 0.23317374 0.24727016
0.28389761 0.23568365 0.23314148 0.24727726
0.28388235 0.23572393 0.23310934 0.24728438
0.28386683 0.23576432 0.23307733 0.24729152
0.28385104 0.23580482 0.23304545 0.24729869
0.28383499 0.23584543 0.23301370 0.24730587
0.28381868 0.23588616 0.23298209 0.24731308
0.28380211 0.23592699 0.23295060 0.24732030
0.28378527 0.23596793 0.23291924 0.24732755
0.28376818 0.23600899 0.23288801 0.24733482
0.28375082 0.23605016 0.23285692 0.24734211
0.28373320 0.23609143 0.23282595 0.24734942
0.28371532 0.23613282 0.23279512 0.24735675
0.28369717 0.23617431 0.23276441 0.24736410
0.28367877 0.23621591 0.23273384 0.24737148
0.28366010 0.23625762 0.23270340 0.24737887
0.28364118 0.23629945 0.23267309 0.24738628
0.28362199 0.23634137 0.23264292 0.24739372
0.28360255 0.23638341 0.23261288 0.24740117
0.28358284 0.23642555 0.23258296 0.24740864
0.28356287 0.23646781 0.23255319 0.24741614
0.28354265 0.23651016 0.23252354 0.24742365
0.28352216 0.23655263 0.23249403 0.24743119
0.28350141 0.23659520 0.23246465 0.24743874
0.28348041 0.23663788 0.23243540 0.24744631
0.28345914 0.23668066 0.23240629 0.24745391
0.28343762 0.23672355 0.23237731 0.24746152
0.28341584 0.23676655 0.23234846 0.24746916
0.28339380 0.23680965 0.23231975 0.24747681
0.28337150 0.23685285 0.23229117 0.24748448
0.28334894 0.23689616 0.23226273 0.24749217
0.28332612 0.23693957 0.23223442 0.24749989
0.28330305 0.23698309 0.23220625 0.24750762
0.28327972 0.23702671 0.23217821 0.24751537
0.28325613 0.23707044 0.23215030 0.24752314
0.28323228 0.23711426 0.23212253 0.24753092
0.28320818 0.23715819 0.23209490 0.24753873
0.28318382 0.23720223 0.23206740 0.24754656
0.28315920 0.23724636 0.23204003 0.24755441
0.28313433 0.23729060 0.23201281 0.24756227
0.28310920 0.23733494 0.23198571 0.24757015
0.28308381 0.23737938 0.23195876 0.24757806
0.28305817 0.23742392 0.23193194 0.24758598
0.28303227 0.23746856 0.23190526 0.24759392
0.28300612 0.23751330 0.23187871 0.24760187
0.28297971 0.23755814 0.23185230 0.24760985
0.28295304 0.23760309 0.23182603 0.24761784
0.28292613 0.23764813 0.23179989 0.24762586
0.28289895 0.23769327 0.23177389 0.24763389
0.28287153 0.23773851 0.23174803 0.24764194
0.28284384 0.23778384 0.23172230 0.24765001
0.28281591 0.23782928 0.23169672 0.24765809
0.28278772 0.23787482 0.23167127 0.24766620
0.28275928 0.23792045 0.23164596 0.24767432
0.28273058 0.23796618 0.23162078 0.24768246
0.28270163 0.23801200 0.23159575 0.24769061
0.28267243 0.23805793 0.23157085 0.24769879
0.28264298 0.23810395 0.23154609 0.24770698
0.28261327 0.23815006 0.23152147 0.24771519
0.28258331 0.23819627 0.23149699 0.24772342
0.28255310 0.23824258 0.23147265 0.24773166
0.28252264 0.23828898 0.23144845 0.24773993
0.28249193 0.23833548 0.23142438 0.24774820
0.28246097 0.23838207 0.23140046 0.24775650
0.28242975 0.23842876 0.23137667 0.24776482
0.28239829 0.23847554 0.23135303 0.24777315
0.28236657 0.23852242 0.23132952 0.24778149
0.28233460 0.23856938 0.23130615 0.24778986
0.28230239 0.23861644 0.23128293 0.24779824
0.28226992 0.23866360 0.23125984 0.24780664
0.28223721 0.23871084 0.23123690 0.24781505
0.28220425 0.23875818 0.23121409 0.24782348
0.28217103 0.23880561 0.23119142 0.24783193
0.28213757 0.23885313 0.23116890 0.24784040
0.28210387 0.23890074 0.23114652 0.24784888
0.28206991 0.23894844 0.23112427 0.24785738
0.28203570 0.23899624 0.23110217 0.24786589
0.28200125 0.23904412 0.23108021 0.24787442
0.28196655 0.23909209 0.23105839 0.24788296
0.28193161 0.23914016 0.23103671 0.24789153
0.28189642 0.23918831 0.23101517 0.24790010
0.28186098 0.23923655 0.23099378 0.24790870
0.28182529 0.23928488 0.23097252 0.24791731
0.28178936 0.23933329 0.23095141 0.24792593
0.28175319 0.23938180 0.23093044 0.24793457
0.28171677 0.23943039 0.23090962 0.24794323
0.28168010 0.23947907 0.23088893 0.24795190
0.28164319 0.23952784 0.23086839 0.24796059
0.28160604 0.23957669 0.23084799 0.24796929
0.28156864 0.23962563 0.23082773 0.24797801
0.28153099 0.23967465 0.23080761 0.24798674
0.28149311 0.23972376 0.23078764 0.24799549
0.28145498 0.23977296 0.23076781 0.24800425
0.28141661 0.23982224 0.23074812 0.24801303
0.28137799 0.23987160 0.23072858 0.24802183
0.28133914 0.23992105 0.23070918 0.24803063
0.28130004 0.23997058 0.23068992 0.24803946
0.28126070 0.24002020 0.23067081 0.24804829
0.28122112 0.24006990 0.23065184 0.24805715
0.28118130 0.24011968 0.23063301 0.24806601
0.28114123 0.24016955 0.23061433 0.24807489
0.28110093 0.24021949 0.23059579 0.24808379
0.28106039 0.24026952 0.23057739 0.24809270
0.28101961 0.24031963 0.23055914 0.24810162
0.28097858 0.24036982 0.23054103 0.24811056
0.28093732 0.24042009 0.23052307 0.24811951
0.28089582 0.24047044 0.23050525 0.24812848
0.28085409 0.24052088 0.23048758 0.24813746
0.28081211 0.24057139 0.23047005 0.24814645
0.28076989 0.24062198 0.23045267 0.24815546
0.28072744 0.24067265 0.23043543 0.24816448
0.28068476 0.24072340 0.23041833 0.24817352
0.28064183 0.24077422 0.23040138 0.24818257
0.28059867 0.24082513 0.23038458 0.24819163
0.28055527 0.24087611 0.23036792 0.24820070
0.28051164 0.24092717 0.23035140 0.24820979
0.28046777 0.24097830 0.23033503 0.24821890
0.28042366 0.24102952 0.23031881 0.24822801
0.28037933 0.24108080 0.23030273 0.24823714
0.28033475 0.24113217 0.23028680 0.24824628
0.28028995 0.24118361 0.23027101 0.24825543
0.28024491 0.24123512 0.23025537 0.24826460
0.28019963 0.24128671 0.23023988 0.24827378
0.28015412 0.24133837 0.23022453 0.24828297
0.28010838 0.24139011 0.23020932 0.24829218
0.28006241 0.24144192 0.23019427 0.24830140
0.28001621 0.24149381 0.23017936 0.24831063
0.27996977 0.24154577 0.23016459 0.24831987
0.27992311 0.24159780 0.23014997 0.24832912
0.27987621 0.24164990 0.23013550 0.24833839
0.27982908 0.24170207 0.23012118 0.24834767
0.27978173 0.24175432 0.23010700 0.24835696
0.27973414 0.24180663 0.23009296 0.24836627
0.27968632 0.24185902 0.23007908 0.24837558
0.27963828 0.24191148 0.23006534 0.24838491
0.27959000 0.24196400 0.23005175 0.24839425
0.27954150 0.24201660 0.23003830 0.24840360
0.27949277 0.24206926 0.23002501 0.24841296
0.27944381 0.24212200 0.23001186 0.24842233
0.27939462 0.24217480 0.22999885 0.24843172
0.27934521 0.24222767 0.22998600 0.24844112
0.27929557 0.24228061 0.22997329 0.24845052
0.27924571 0.24233362 0.22996073 0.24845994
0.27919562 0.24238669 0.22994832 0.24846937
0.27914531 0.24243983 0.22993605 0.24847881
0.27909477 0.24249304 0.22992393 0.24848827
0.27904400 0.24254631 0.22991196 0.24849773
0.27899302 0.24259964 0.22990014 0.24850720
0.27894180 0.24265305 0.22988846 0.24851669
0.27889037 0.24270651 0.22987694 0.24852618
0.27883871 0.24276004 0.22986556 0.24853569
0.27878683 0.24281364 0.22985432 0.24854521
0.27873473 0.24286730 0.22984324 0.24855473
0.27868241 0.24292102 0.22983231 0.24856427
0.27862986 0.24297480 0.22982152 0.24857382
0.27857710 0.24302865 0.22981088 0.24858337
0.27852411 0.24308256 0.22980039 0.24859294
0.27847090 0.24313653 0.22979005 0.24860252
0.27841748 0.24319056 0.22977986 0.24861211
0.27836383 0.24324465 0.22976981 0.24862170
0.27830997 0.24329880 0.22975991 0.24863131
0.27825589 0.24335302 0.22975017 0.24864093
0.27820159 0.24340729 0.22974057 0.24865056
0.27814707 0.24346162 0.22973112 0.24866019
0.27809234 0.24351601 0.22972182 0.24866984
0.27803739 0.24357046 0.22971266 0.24867949
0.27798222 0.24362497 0.22970366 0.24868916
0.27792683 0.24367953 0.22969480 0.24869883
0.27787124 0.24373415 0.22968610 0.24870851
0.27781542 0.24378883 0.22967754 0.24871821
0.27775940 0.24384357 0.22966913 0.24872791
0.27770315 0.24389836 0.22966087 0.24873762
0.27764670 0.24395321 0.22965276 0.24874733
0.27759003 0.24400811 0.22964480 0.24875706
0.27753315 0.24406307 0.22963699 0.24876680
0.27747605 0.24411808 0.22962933 0.24877654
0.27741875 0.24417315 0.22962181 0.24878629
0.27736123 0.24422826 0.22961445 0.24879606
0.27730350 0.24428344 0.22960723 0.24880583
0.27724556 0.24433866 0.22960017 0.24881560
0.27718741 0.24439394 0.22959325 0.24882539
0.27712905 0.24444927 0.22958649 0.24883518
0.27707049 0.24450466 0.22957987 0.24884499
0.27701171 0.24456009 0.22957340 0.24885480
0.27695272 0.24461557 0.22956709 0.24886462
0.27689353 0.24467111 0.22956092 0.24887444
0.27683413 0.24472670 0.22955490 0.24888427
0.27677452 0.24478233 0.22954903 0.24889412
0.27671471 0.24483801 0.22954331 0.24890396
0.27665469 0.24489375 0.22953774 0.24891382
0.27659446 0.24494953 0.22953232 0.24892368
0.27653403 0.24500536 0.22952706 0.24893356
0.27647340 0.24506124 0.22952194 0.24894343
0.27641256 0.24511716 0.22951697 0.24895332
0.27635151 0.24517313 0.22951215 0.24896321
0.27629026 0.24522915 0.22950748 0.24897311
0.27622882 0.24528521 0.22950296 0.24898302
0.27616716 0.24534132 0.22949859 0.24899293
0.27610531 0.24539748 0.22949437 0.24900285
0.27604325 0.24545368 0.22949029 0.24901277
0.27598100 0.24550992 0.22948637 0.24902271
0.27591854 0.24556621 0.22948260 0.24903265
0.27585588 0.24562254 0.22947898 0.24904259
0.27579303 0.24567891 0.22947551 0.24905254
0.27572997 0.24573533 0.22947219 0.24906250
0.27566672 0.24579179 0.22946902 0.24907247
0.27560327 0.24584829 0.22946600 0.24908244
0.27553962 0.24590483 0.22946314 0.24909241
0.27547577 0.24596142 0.22946042 0.24910240
0.27541173 0.24601804 0.22945785 0.24911238
0.27534749 0.24607470 0.22945543 0.24912238
0.27528306 0.24613141 0.22945316 0.24913238
0.27521843 0.24618815 0.22945104 0.24914238
0.27515360 0.24624493 0.22944907 0.24915239
0.27508859 0.24630175 0.22944725 0.24916241
0.27502337 0.24635861 0.22944558 0.24917243
0.27495797 0.24641551 0.22944407 0.24918246
0.27489237 0.24647244 0.22944270 0.24919249
0.27482658 0.24652941 0.22944148 0.24920252
0.27476060 0.24658642 0.22944041 0.24921257
0.27469443 0.24664346 0.22943950 0.24922261
0.27462807 0.24670054 0.22943873 0.24923267
0.27456151 0.24675765 0.22943811 0.24924272
0.27449477 0.24681480 0.22943765 0.24925278
0.27442784 0.24687198 0.22943733 0.24926285
0.27436072 0.24692920 0.22943717 0.24927292
0.27429341 0.24698644 0.22943715 0.24928299
0.27422592 0.24704373 0.22943729 0.24929307
0.27415823 0.24710104 0.22943757 0.24930315
0.27409037 0.24715839 0.22943801 0.24931324
0.27402231 0.24721576 0.22943859 0.24932333
0.27395407 0.24727317 0.22943933 0.24933343
0.27388564 0.24733061 0.22944021 0.24934353
0.27381704 0.24738808 0.22944125 0.24935363
0.27374824 0.24744558 0.22944244 0.24936374
0.27367927 0.24750311 0.22944377 0.24937385
0.27361011 0.24756067 0.22944526 0.24938396
0.27354076 0.24761826 0.22944690 0.24939408
0.27347124 0.24767587 0.22944868 0.24940420
0.27340154 0.24773352 0.22945062 0.24941433
0.27333165 0.24779119 0.22945271 0.24942446
0.27326158 0.24784888 0.22945494 0.24943459
0.27319134 0.24790661 0.22945733 0.24944472
0.27312092 0.24796436 0.22945987 0.24945486
0.27305031 0.24802213 0.22946256 0.24946500
0.27297953 0.24807993 0.22946539 0.24947514
0.27290857 0.24813775 0.22946838 0.24948529
0.27283744 0.24819560 0.22947152 0.24949544
0.27276613 0.24825348 0.22947481 0.24950559
0.27269464 0.24831137 0.22947825 0.24951574
0.27262298 0.24836929 0.22948183 0.24952590
0.27255114 0.24842723 0.22948557 0.24953606
0.27247913 0.24848519 0.22948946 0.24954622
0.27240695 0.24854318 0.22949350 0.24955638
0.27233459 0.24860118 0.22949768 0.24956655
0.27226206 0.24865921 0.22950202 0.24957672
0.27218935 0.24871725 0.22950651 0.24958688
0.27211648 0.24877532 0.22951114 0.24959706
0.27204344 0.24883341 0.22951593 0.24960723
0.27197022 0.24889151 0.22952087 0.24961740
0.27189684 0.24894963 0.22952595 0.24962758
0.27182328 0.24900777 0.22953119 0.24963776
0.27174956 0.24906593 0.22953657 0.24964794
0.27167567 0.24912410 0.22954211 0.24965812
0.27160161 0.24918230 0.22954779 0.24966830
0.27152739 0.24924050 0.22955362 0.24967848
0.27145300 0.24929873 0.22955961 0.24968867
0.27137844 0.24935696 0.22956574 0.24969886
0.27130372 0.24941522 0.22957202 0.24970904
0.27122883 0.24947348 0.22957845 0.24971923
0.27115378 0.24953177 0.22958503 0.24972942
0.27107857 0.24959006 0.22959176 0.24973961
0.27100319 0.24964837 0.22959864 0.24974980
0.27092765 0.24970669 0.22960567 0.24975999
0.27085195 0.24976502 0.22961285 0.24977018
0.27077609 0.24982336 0.22962017 0.24978037
0.27070007 0.24988172 0.22962765 0.24979056
0.27062389 0.24994008 0.22963527 0.24980075
0.27054755 0.24999846 0.22964305 0.24981095
0.27047104 0.25005685 0.22965097 0.24982114
0.27039439 0.25011524 0.22965904 0.24983133
0.27031757 0.25017365 0.22966726 0.24984152
0.27024060 0.25023206 0.22967563 0.24985171
0.27016347 0.25029048 0.22968415 0.24986191
0.27008618 0.25034891 0.22969282 0.24987210
0.27000874 0.25040734 0.22970163 0.24988229
0.26993114 0.25046578 0.22971059 0.24989248
0.26985340 0.25052423 0.22971971 0.24990267
0.26977549 0.25058268 0.22972897 0.24991286
0.26969744 0.25064114 0.22973838 0.24992305
0.26961923 0.25069960 0.22974793 0.24993324
0.26954087 0.25075807 0.22975764 0.24994342
0.26946236 0.25081654 0.22976749 0.24995361
0.26938370 0.25087502 0.22977750 0.24996379
0.26930488 0.25093349 0.22978765 0.24997398
0.26922592 0.25099197 0.22979794 0.24998416
0.26914681 0.25105045 0.22980839 0.24999434
0.26906756 0.25110894 0.22981898 0.25000452
0.26898815 0.25116742 0.22982973 0.25001470
0.26890860 0.25122591 0.22984062 0.25002488
0.26882890 0.25128439 0.22985165 0.25003505
0.26874906 0.25134287 0.22986284 0.25004523
0.26866907 0.25140136 0.22987417 0.25005540
0.26858894 0.25145984 0.22988565 0.25006557
0.26850866 0.25151832 0.22989728 0.25007574
0.26842824 0.25157680 0.22990905 0.25008590
0.26834768 0.25163527 0.22992098 0.25009607
0.26826698 0.25169375 0.22993305 0.25010623
0.26818613 0.25175222 0.22994526 0.25011639
0.26810514 0.25181068 0.22995763 0.25012655
0.26802402 0.25186914 0.22997014 0.25013670
0.26794275 0.25192759 0.22998280 0.25014685
0.26786135 0.25198604 0.22999560 0.25015700
0.26777981 0.25204449 0.23000855 0.25016715
0.26769813 0.25210292 0.23002165 0.25017730
0.26761631 0.25216136 0.23003490 0.25018744
0.26753436 0.25221978 0.23004829 0.25019758
0.26745227 0.25227819 0.23006183 0.25020771
0.26737004 0.25233660 0.23007551 0.25021784
0.26728768 0.25239500 0.23008934 0.25022797
0.26720519 0.25245339 0.23010332 0.25023810
0.26712257 0.25251176 0.23011744 0.25024822
0.26703981 0.25257013 0.23013171 0.25025834
0.26695692 0.25262849 0.23014613 0.25026846
0.26687390 0.25268684 0.23016069 0.25027857
0.26679075 0.25274517 0.23017540 0.25028868
0.26670747 0.25280350 0.23019025 0.25029879
0.26662406 0.25286181 0.23020525 0.25030889
0.26654052 0.25292010 0.23022039 0.25031899
0.26645685 0.25297839 0.23023568 0.25032908
0.26637305 0.25303666 0.23025112 0.25033917
0.26628913 0.25309491 0.23026670 0.25034926
0.26620508 0.25315315 0.23028242 0.25035934
0.26612091 0.25321138 0.23029829 0.25036941
0.26603661 0.25326959 0.23031431 0.25037949
0.26595219 0.25332778 0.23033047 0.25038956
0.26586765 0.25338596 0.23034678 0.25039962
0.26578298 0.25344412 0.23036323 0.25040968
0.26569819 0.25350226 0.23037982 0.25041974
0.26561327 0.25356038 0.23039656 0.25042979
0.26552824 0.25361849 0.23041344 0.25043983
0.26544309 0.25367657 0.23043047 0.25044987
0.26535782 0.25373464 0.23044764 0.25045991
0.26527242 0.25379268 0.23046496 0.25046994
0.26518691 0.25385071 0.23048242 0.25047996
0.26510129 0.25390871 0.23050002 0.25048998
0.26501554 0.25396669 0.23051777 0.25050000
0.26492968 0.25402465 0.23053566 0.25051001
0.26484370 0.25408259 0.23055370 0.25052001
0.26475761 0.25414050 0.23057187 0.25053001
0.26467141 0.25419839 0.23059020 0.25054000
0.26458509 0.25425626 0.23060866 0.25054999
0.26449866 0.25431410 0.23062727 0.25055997
0.26441211 0.25437192 0.23064602 0.25056995
0.26432545 0.25442971 0.23066492 0.25057992
0.26423869 0.25448748 0.23068395 0.25058988
0.26415181 0.25454522 0.23070313 0.25059984
0.26406482 0.25460293 0.23072245 0.25060979
0.26397773 0.25466062 0.23074192 0.25061974
0.26389052 0.25471827 0.23076153 0.25062968
0.26380321 0.25477590 0.23078128 0.25063961
0.26371579 0.25483350 0.23080117 0.25064954
0.26362827 0.25489108 0.23082120 0.25065946
0.26354064 0.25494862 0.23084138 0.25066937
0.26345290 0.25500613 0.23086169 0.25067928
0.26336506 0.25506361 0.23088215 0.25068918
0.26327712 0.25512106 0.23090275 0.25069907
0.26318907 0.25517848 0.23092349 0.25070896
0.26310092 0.25523587 0.23094438 0.25071884
0.26301267 0.25529322 0.23096540 0.25072871
0.26292432 0.25535054 0.23098656 0.25073857
0.26283587 0.25540783 0.23100787 0.25074843
0.26274732 0.25546508 0.23102932 0.25075828
0.26265867 0.25552230 0.23105090 0.25076813
0.26256992 0.25557949 0.23107263 0.25077796
0.26248108 0.25563663 0.23109450 0.25078779
0.26239213 0.25569375 0.23111651 0.25079761
0.26230310 0.25575082 0.23113866 0.25080742
0.26221396 0.25580786 0.23116094 0.25081723
0.26212474 0.25586487 0.23118337 0.25082703
0.26203541 0.25592183 0.23120594 0.25083682
0.26194600 0.25597876 0.23122865 0.25084660
0.26185649 0.25603564 0.23125149 0.25085637
0.26176689 0.25609249 0.23127448 0.25086614
0.26167720 0.25614930 0.23129760 0.25087590
0.26158742 0.25620607 0.23132087 0.25088565
0.26149755 0.25626279 0.23134427 0.25089539
0.26140759 0.25631948 0.23136781 0.25090512
0.26131754 0.25637613 0.23139149 0.25091484
0.26122740 0.25643273 0.23141531 0.25092456
0.26113718 0.25648929 0.23143927 0.25093427
0.26104687 0.25654580 0.23146336 0.25094396
0.26095647 0.25660228 0.23148760 0.25095365
0.26086599 0.25665871 0.23151197 0.25096333
0.26077543 0.25671509 0.23153648 0.25097301
0.26068478 0.25677143 0.23156112 0.25098267
0.26059405 0.25682773 0.23158591 0.25099232
0.26050323 0.25688397 0.23161083 0.25100197
0.26041234 0.25694018 0.23163588 0.25101160
0.26032136 0.25699633 0.23166108 0.25102123
0.26023031 0.25705244 0.23168641 0.25103084
0.26013917 0.25710850 0.23171188 0.25104045
0.26004796 0.25716451 0.23173748 0.25105005
0.25995667 0.25722047 0.23176323 0.25105964
0.25986530 0.25727639 0.23178910 0.25106921
0.25977385 0.25733225 0.23181512 0.25107878
0.25968233 0.25738806 0.23184127 0.25108834
0.25959073 0.25744382 0.23186755 0.25109789
0.25949906 0.25749954 0.23189397 0.25110743
0.25940732 0.25755520 0.23192053 0.25111696
0.25931550 0.25761080 0.23194722 0.25112648
0.25922361 0.25766636 0.23197404 0.25113599
0.25913165 0.25772186 0.23200100 0.25114548
0.25903962 0.25777731 0.23202810 0.25115497
0.25894752 0.25783270 0.23205533 0.25116445
0.25885534 0.25788804 0.23208270 0.25117392
0.25876310 0.25794333 0.23211019 0.25118337
0.25867080 0.25799856 0.23213783 0.25119282
0.25857842 0.25805373 0.23216559 0.25120226
0.25848598 0.25810885 0.23219349 0.25121168
0.25839347 0.25816391 0.23222153 0.25122109
0.25830090 0.25821891 0.23224970 0.25123050
0.25820826 0.25827385 0.23227800 0.25123989
0.25811556 0.25832874 0.23230643 0.25124927
0.25802279 0.25838357 0.23233500 0.25125864
0.25792997 0.25843834 0.23236370 0.25126800
0.25783708 0.25849305 0.23239253 0.25127735
0.25774413 0.25854769 0.23242149 0.25128668
0.25765112 0.25860228 0.23245059 0.25129601
0.25755805 0.25865681 0.23247982 0.25130532
0.25746492 0.25871127 0.23250918 0.25131462
0.25737174 0.25876568 0.23253867 0.25132391
0.25727850 0.25882002 0.23256829 0.25133319
0.25718520 0.25887429 0.23259805 0.25134246
0.25709184 0.25892851 0.23262793 0.25135172
0.25699843 0.25898266 0.23265795 0.25136096
0.25690497 0.25903674 0.23268810 0.25137019
0.25681145 0.25909076 0.23271837 0.25137941
0.25671788 0.25914472 0.23274878 0.25138862
0.25662426 0.25919861 0.23277932 0.25139781
0.25653058 0.25925243 0.23280999 0.25140699
0.25643686 0.25930619 0.23284079 0.25141617
0.25634309 0.25935988 0.23287171 0.25142532
0.25624926 0.25941350 0.23290277 0.25143447
0.25615539 0.25946705 0.23293396 0.25144360
0.25606147 0.25952053 0.23296527 0.25145272
0.25596750 0.25957395 0.23299672 0.25146183
0.25587349 0.25962730 0.23302829 0.25147093
0.25577943 0.25968057 0.23305999 0.25148001
0.25568532 0.25973378 0.23309182 0.25148908
0.25559118 0.25978691 0.23312378 0.25149814
0.25549699 0.25983997 0.23315586 0.25150718
0.25540275 0.25989296 0.23318807 0.25151621
0.25530847 0.25994588 0.23322041 0.25152523
0.25521416 0.25999873 0.23325288 0.25153424
0.25511980 0.26005150 0.23328547 0.25154323
0.25502540 0.26010420 0.23331820 0.25155221
0.25493096 0.26015682 0.23335104 0.25156117
0.25483649 0.26020937 0.23338402 0.25157012
0.25474198 0.26026184 0.23341712 0.25157906
0.25464743 0.26031424 0.23345034 0.25158799
0.25455284 0.26036656 0.23348370 0.25159690
0.25445822 0.26041881 0.23351717 0.25160580
0.25436357 0.26047098 0.23355078 0.25161468
0.25426888 0.26052307 0.23358451 0.25162355
0.25417415 0.26057508 0.23361836 0.25163241
0.25407940 0.26062702 0.23365234 0.25164125
0.25398461 0.26067887 0.23368644 0.25165008
0.25388979 0.26073065 0.23372067 0.25165889
0.25379495 0.26078234 0.23375502 0.25166769
0.25370007 0.26083396 0.23378949 0.25167648
0.25360516 0.26088550 0.23382409 0.25168525
0.25351023 0.26093695 0.23385882 0.25169400
0.25341527 0.26098832 0.23389366 0.25170275
0.25332028 0.26103962 0.23392863 0.25171147
0.25322527 0.26109082 0.23396372 0.25172019
0.25313023 0.26114195 0.23399893 0.25172889
0.25303517 0.26119299 0.23403427 0.25173757
0.25294008 0.26124395 0.23406973 0.25174624
0.25284497 0.26129482 0.23410531 0.25175490
0.25274984 0.26134561 0.23414101 0.25176354
0.25265469 0.26139632 0.23417684 0.25177216
0.25255951 0.26144693 0.23421278 0.25178077
0.25246432 0.26149747 0.23424885 0.25178937
0.25236911 0.26154791 0.23428503 0.25179795
0.25227388 0.26159827 0.23432134 0.25180651
0.25217863 0.26164854 0.23435777 0.25181506
0.25208336 0.26169872 0.23439432 0.25182360
0.25198808 0.26174882 0.23443098 0.25183212
0.25189278 0.26179882 0.23446777 0.25184062
0.25179747 0.26184874 0.23450468 0.25184911
0.25170215 0.26189857 0.23454170 0.25185758
0.25160681 0.26194830 0.23457885 0.25186604
0.25151146 0.26199795 0.23461611 0.25187448
0.25141609 0.26204750 0.23465349 0.25188291
0.25132072 0.26209697 0.23469099 0.25189132
0.25122534 0.26214634 0.23472861 0.25189971
0.25112994 0.26219562 0.23476635 0.25190809
0.25103454 0.26224480 0.23480420 0.25191645
0.25093913 0.26229390 0.23484217 0.25192480
0.25084371 0.26234290 0.23488026 0.25193313
0.25074829 0.26239180 0.23491847 0.25194144
0.25065286 0.26244061 0.23495679 0.25194974
0.25055742 0.26248933 0.23499523 0.25195802
0.25046198 0.26253795 0.23503378 0.25196629
0.25036654 0.26258647 0.23507245 0.25197454
0.25027109 0.26263490 0.23511124 0.25198277
0.25017565 0.26268323 0.23515014 0.25199099
0.25008020 0.26273146 0.23518915 0.25199919
0.24998475 0.26277960 0.23522828 0.25200737
0.24988930 0.26282764 0.23526753 0.25201554
0.24979385 0.26287558 0.23530689 0.25202369
0.24969840 0.26292342 0.23534636 0.25203182
0.24960295 0.26297116 0.23538595 0.25203994
0.24950751 0.26301880 0.23542565 0.25204804
0.24941207 0.26306634 0.23546547 0.25205612
0.24931664 0.26311378 0.23550539 0.25206419
0.24922121 0.26316112 0.23554543 0.25207224
0.24912579 0.26320836 0.23558559 0.25208027
0.24903038 0.26325549 0.23562585 0.25208828
0.24893497 0.26330252 0.23566623 0.25209628
0.24883957 0.26334945 0.23570672 0.25210426
0.24874418 0.26339628 0.23574732 0.25211222
0.24864880 0.26344300 0.23578803 0.25212017
0.24855343 0.26348962 0.23582885 0.25212809
0.24845807 0.26353614 0.23586979 0.25213600
0.24836272 0.26358255 0.23591083 0.25214390
0.24826739 0.26362885 0.23595199 0.25215177
0.24817207 0.26367505 0.23599325 0.25215963
0.24807676 0.26372114 0.23603463 0.25216747
0.24798147 0.26376713 0.23607611 0.25217529
0.24788619 0.26381301 0.23611770 0.25218309
0.24779093 0.26385878 0.23615940 0.25219088
0.24769569 0.26390444 0.23620122 0.25219865
0.24760047 0.26395000 0.23624313 0.25220640
0.24750526 0.26399545 0.23628516 0.25221413
0.24741008 0.26404078 0.23632730 0.25222185
0.24731491 0.26408601 0.23636954 0.25222954
0.24721977 0.26413113 0.23641189 0.25223722
0.24712464 0.26417614 0.23645434 0.25224488
0.24702954 0.26422103 0.23649691 0.25225252
0.24693446 0.26426582 0.23653958 0.25226014
0.24683941 0.26431049 0.23658235 0.25226775
0.24674438 0.26435505 0.23662523 0.25227533
0.24664937 0.26439950 0.23666822 0.25228290
0.24655440 0.26444384 0.23671131 0.25229045
0.24645944 0.26448806 0.23675451 0.25229798
0.24636452 0.26453217 0.23679781 0.25230549
0.24626963 0.26457617 0.23684122 0.25231298
0.24617476 0.26462005 0.23688473 0.25232046
0.24607992 0.26466382 0.23692835 0.25232791
0.24598512 0.26470747 0.23697207 0.25233535
0.24589034 0.26475100 0.23701589 0.25234277
0.24579560 0.26479442 0.23705981 0.25235017
0.24570089 0.26483773 0.23710384 0.25235755
0.24560621 0.26488091 0.23714797 0.25236491
0.24551157 0.26492398 0.23719220 0.25237225
0.24541696 0.26496693 0.23723654 0.25237957
0.24532239 0.26500977 0.23728098 0.25238687
0.24522785 0.26505248 0.23732551 0.25239416
0.24513335 0.26509508 0.23737015 0.25240142
0.24503889 0.26513756 0.23741489 0.25240866
0.24494447 0.26517991 0.23745973 0.25241589
0.24485008 0.26522215 0.23750467 0.25242310
0.24475574 0.26526427 0.23754971 0.25243028
0.24466144 0.26530626 0.23759485 0.25243745
0.24456718 0.26534814 0.23764009 0.25244460
0.24447296 0.26538989 0.23768543 0.25245172
0.24437878 0.26543152 0.23773086 0.25245883
0.24428465 0.26547303 0.23777640 0.25246592
0.24419056 0.26551442 0.23782203 0.25247299
0.24409652 0.26555568 0.23786776 0.25248004
0.24400253 0.26559682 0.23791359 0.25248706
0.24390858 0.26563784 0.23795951 0.25249407
0.24381467 0.26567873 0.23800553 0.25250106
0.24372082 0.26571950 0.23805165 0.25250803
0.24362701 0.26576014 0.23809787 0.25251498
0.24353326 0.26580066 0.23814418 0.25252191
0.24343955 0.26584105 0.23819058 0.25252881
0.24334590 0.26588132 0.23823709 0.25253570
0.24325229 0.26592145 0.23828368 0.25254257
0.24315874 0.26596147 0.23833037 0.25254942
0.24306524 0.26600135 0.23837716 0.25255624
0.24297180 0.26604111 0.23842404 0.25256305
0.24287841 0.26608074 0.23847101 0.25256984
0.24278508 0.26612024 0.23851808 0.25257660
0.24269180 0.26615961 0.23856524 0.25258335
0.24259858 0.26619886 0.23861249 0.25259007
0.24250542 0.26623797 0.23865984 0.25259677
0.24241231 0.26627695 0.23870728 0.25260346
0.24231927 0.26631581 0.23875481 0.25261012
0.24222628 0.26635453 0.23880243 0.25261676
0.24213335 0.26639312 0.23885014 0.25262338
0.24204049 0.26643159 0.23889795 0.25262998
0.24194769 0.26646992 0.23894584 0.25263656
0.24185495 0.26650811 0.23899382 0.25264312
0.24176227 0.26654618 0.23904190 0.25264965
0.24166966 0.26658411 0.23909006 0.25265617
0.24157711 0.26662191 0.23913832 0.25266266
0.24148462 0.26665958 0.23918666 0.25266914
0.24139221 0.26669711 0.23923509 0.25267559
0.24129986 0.26673451 0.23928361 0.25268202
0.24120758 0.26677178 0.23933222 0.25268843
0.24111536 0.26680891 0.23938091 0.25269482
0.24102322 0.26684590 0.23942969 0.25270119
0.24093114 0.26688276 0.23947856 0.25270754
0.24083914 0.26691948 0.23952752 0.25271386
0.24074720 0.26695607 0.23957656 0.25272016
0.24065534 0.26699252 0.23962569 0.25272645
0.24056355 0.26702884 0.23967491 0.25273271
0.24047184 0.26706501 0.23972421 0.25273894
0.24038020 0.26710105 0.23977359 0.25274516
0.24028863 0.26713695 0.23982306 0.25275136
0.24019714 0.26717272 0.23987261 0.25275753
0.24010572 0.26720834 0.23992225 0.25276368
0.24001438 0.26724383 0.23997197 0.25276981
0.23992312 0.26727918 0.24002178 0.25277592
0.23983194 0.26731439 0.24007167 0.25278201
0.23974084 0.26734945 0.24012164 0.25278807
0.23964981 0.26738438 0.24017169 0.25279412
0.23955887 0.26741917 0.24022183 0.25280014
0.23946800 0.26745382 0.24027204 0.25280614
0.23937722 0.26748832 0.24032234 0.25281211
0.23928653 0.26752268 0.24037272 0.25281807
0.23919591 0.26755691 0.24042318 0.25282400
0.23910538 0.26759099 0.24047372 0.25282991
0.23901493 0.26762493 0.24052434 0.25283580
0.23892457 0.26765872 0.24057504 0.25284167
0.23883430 0.26769237 0.24062582 0.25284751
0.23874411 0.26772588 0.24067668 0.25285333
0.23865401 0.26775925 0.24072761 0.25285913
0.23856399 0.26779247 0.24077863 0.25286491
0.23847407 0.26782555 0.24082972 0.25287066
0.23838423 0.26785848 0.24088089 0.25287639
0.23829449 0.26789127 0.24093214 0.25288210
0.23820484 0.26792391 0.24098346 0.25288779
0.23811527 0.26795640 0.24103486 0.25289346
0.23802580 0.26798876 0.24108634 0.25289910
0.23793643 0.26802096 0.24113789 0.25290472
0.23784714 0.26805302 0.24118952 0.25291031
0.23775796 0.26808493 0.24124122 0.25291589
0.23766886 0.26811670 0.24129300 0.25292144
0.23757986 0.26814831 0.24134485 0.25292697
0.23749096 0.26817978 0.24139678 0.25293248
0.23740216 0.26821111 0.24144878 0.25293796
0.23731345 0.26824228 0.24150085 0.25294342
0.23722484 0.26827330 0.24155300 0.25294886
0.23713633 0.26830418 0.24160522 0.25295427
0.23704792 0.26833491 0.24165751 0.25295966
0.23695961 0.26836549 0.24170987 0.25296503
0.23687141 0.26839592 0.24176230 0.25297038
0.23678330 0.26842619 0.24181481 0.25297570
0.23669530 0.26845632 0.24186738 0.25298100
0.23660740 0.26848630 0.24192003 0.25298627
0.23651960 0.26851613 0.24197274 0.25299153
0.23643191 0.26854580 0.24202553 0.25299676
0.23634432 0.26857533 0.24207838 0.25300196
0.23625684 0.26860470 0.24213131 0.25300715
0.23616947 0.26863392 0.24218430 0.25301231
0.23608220 0.26866299 0.24223736 0.25301745
0.23599505 0.26869191 0.24229049 0.25302256
0.23590800 0.26872067 0.24234368 0.25302765
0.23582106 0.26874928 0.24239695 0.25303272
0.23573423 0.26877774 0.24245028 0.25303776
0.23564751 0.26880604 0.24250367 0.25304278
0.23556090 0.26883419 0.24255713 0.25304778
0.23547440 0.26886219 0.24261066 0.25305275
0.23538802 0.26889003 0.24266425 0.25305770
0.23530175 0.26891772 0.24271791 0.25306262
0.23521559 0.26894525 0.24277163 0.25306753
0.23512955 0.26897263 0.24282541 0.25307241
0.23504362 0.26899985 0.24287926 0.25307726
0.23495781 0.26902692 0.24293318 0.25308209
0.23487212 0.26905383 0.24298715 0.25308690
0.23478654 0.26908058 0.24304119 0.25309168
0.23470109 0.26910718 0.24309529 0.25309644
0.23461575 0.26913362 0.24314945 0.25310118
0.23453053 0.26915991 0.24320367 0.25310589
0.23444543 0.26918604 0.24325796 0.25311058
0.23436045 0.26921201 0.24331230 0.25311525
0.23427559 0.26923782 0.24336670 0.25311989
0.23419085 0.26926347 0.24342117 0.25312451
0.23410624 0.26928897 0.24347569 0.25312910
0.23402175 0.26931431 0.24353028 0.25313367
0.23393738 0.26933949 0.24358492 0.25313821
0.23385314 0.26936451 0.24363962 0.25314273
0.23376902 0.26938937 0.24369438 0.25314723
0.23368503 0.26941407 0.24374919 0.25315171
0.23360117 0.26943862 0.24380406 0.25315615
0.23351743 0.26946300 0.24385899 0.25316058
0.23343382 0.26948722 0.24391398 0.25316498
0.23335034 0.26951129 0.24396902 0.25316936
0.23326698 0.26953519 0.24402412 0.25317371
0.23318376 0.26955893 0.24407927 0.25317804
0.23310067 0.26958251 0.24413448 0.25318234
0.23301771 0.26960593 0.24418974 0.25318662
0.23293488 0.26962919 0.24424505 0.25319087
0.23285218 0.26965229 0.24430042 0.25319511
0.23276962 0.26967523 0.24435584 0.25319931
0.23268718 0.26969800 0.24441132 0.25320349
0.23260489 0.26972061 0.24446685 0.25320765
0.23252273 0.26974306 0.24452243 0.25321179
0.23244070 0.26976535 0.24457806 0.25321589
0.23235881 0.26978747 0.24463374 0.25321998
0.23227705 0.26980943 0.24468947 0.25322404
0.23219544 0.26983123 0.24474526 0.25322807
0.23211396 0.26985287 0.24480109 0.25323209
0.23203262 0.26987434 0.24485697 0.25323607
0.23195142 0.26989564 0.24491290 0.25324003
0.23187036 0.26991679 0.24496889 0.25324397
0.23178944 0.26993777 0.24502491 0.25324788
0.23170866 0.26995858 0.24508099 0.25325177
0.23162802 0.26997923 0.24513712 0.25325564
0.23154752 0.26999971 0.24519329 0.25325947
0.23146717 0.27002003 0.24524951 0.25326329
0.23138696 0.27004019 0.24530577 0.25326708
0.23130690 0.27006018 0.24536208 0.25327084
0.23122698 0.27008000 0.24541844 0.25327458
0.23114720 0.27009966 0.24547484 0.25327830
0.23106757 0.27011915 0.24553129 0.25328199
0.23098809 0.27013848 0.24558778 0.25328565
0.23090876 0.27015764 0.24564431 0.25328929
0.23082957 0.27017663 0.24570089 0.25329291
0.23075053 0.27019546 0.24575751 0.25329650
0.23067164 0.27021412 0.24581418 0.25330007
0.23059290 0.27023261 0.24587088 0.25330361
0.23051431 0.27025094 0.24592763 0.25330712
0.23043587 0.27026909 0.24598442 0.25331061
0.23035758 0.27028708 0.24604125 0.25331408
0.23027945 0.27030491 0.24609812 0.25331752
0.23020147 0.27032256 0.24615503 0.25332094
0.23012364 0.27034005 0.24621199 0.25332433
0.23004596 0.27035737 0.24626898 0.25332769
0.22996844 0.27037452 0.24632601 0.25333104
0.22989107 0.27039150 0.24638307 0.25333435
0.22981386 0.27040832 0.24644018 0.25333764
0.22973681 0.27042496 0.24649732 0.25334091
0.22965991 0.27044144 0.24655450 0.25334415
0.22958317 0.27045774 0.24661172 0.25334736
0.22950659 0.27047388 0.24666898 0.25335056
0.22943017 0.27048985 0.24672627 0.25335372
0.22935390 0.27050565 0.24678359 0.25335686
0.22927780 0.27052128 0.24684095 0.25335998
0.22920185 0.27053673 0.24689835 0.25336307
0.22912607 0.27055202 0.24695578 0.25336613
0.22905045 0.27056714 0.24701324 0.25336917
0.22897499 0.27058209 0.24707074 0.25337218
0.22889969 0.27059687 0.24712827 0.25337517
0.22882456 0.27061148 0.24718583 0.25337813
0.22874959 0.27062591 0.24724343 0.25338107
0.22867478 0.27064018 0.24730105 0.25338399
0.22860014 0.27065427 0.24735871 0.25338687
0.22852567 0.27066820 0.24741640 0.25338974
0.22845136 0.27068195 0.24747412 0.25339257
0.22837722 0.27069553 0.24753187 0.25339538
0.22830324 0.27070894 0.24758965 0.25339817
0.22822944 0.27072218 0.24764745 0.25340093
0.22815580 0.27073525 0.24770529 0.25340366
0.22808233 0.27074814 0.24776316 0.25340637
0.22800903 0.27076086 0.24782105 0.25340906
0.22793590 0.27077342 0.24787897 0.25341172
0.22786294 0.27078579 0.24793692 0.25341435
0.22779015 0.27079800 0.24799489 0.25341696
0.22771753 0.27081003 0.24805289 0.25341954
0.22764509 0.27082190 0.24811092 0.25342210
0.22757282 0.27083358 0.24816897 0.25342463
0.22750072 0.27084510 0.24822705 0.25342714
0.22742879 0.27085644 0.24828515 0.25342962
0.22735704 0.27086761 0.24834327 0.25343207
0.22728547 0.27087861 0.24840142 0.25343450
0.22721407 0.27088943 0.24845959 0.25343690
0.22714285 0.27090009 0.24851778 0.25343928
0.22707180 0.27091056 0.24857600 0.25344164
0.22700093 0.27092087 0.24863424 0.25344396
0.22693024 0.27093100 0.24869250 0.25344626
0.22685973 0.27094095 0.24875078 0.25344854
0.22678940 0.27095074 0.24880908 0.25345079
0.22671924 0.27096035 0.24886740 0.25345301
0.22664927 0.27096978 0.24892574 0.25345521
0.22657947 0.27097904 0.24898410 0.25345739
0.22650986 0.27098813 0.24904248 0.25345953
0.22644043 0.27099704 0.24910087 0.25346166
0.22637118 0.27100578 0.24915929 0.25346375
0.22630211 0.27101435 0.24921772 0.25346582
0.22623323 0.27102274 0.24927617 0.25346787
0.22616453 0.27103095 0.24933463 0.25346989
0.22609601 0.27103900 0.24939311 0.25347188
0.22602768 0.27104686 0.24945161 0.25347385
0.22595954 0.27105455 0.24951012 0.25347579
0.22589158 0.27106207 0.24956865 0.25347771
0.22582380 0.27106942 0.24962719 0.25347960
0.22575621 0.27107658 0.24968574 0.25348146
0.22568881 0.27108358 0.24974431 0.25348330
0.22562160 0.27109039 0.24980289 0.25348511
0.22555458 0.27109704 0.24986148 0.25348690
0.22548774 0.27110350 0.24992009 0.25348866
0.22542110 0.27110980 0.24997871 0.25349040
0.22535464 0.27111591 0.25003733 0.25349211
0.22528838 0.27112186 0.25009597 0.25349379
0.22522230 0.27112762 0.25015462 0.25349545
0.22515642 0.27113322 0.25021328 0.25349708
0.22509073 0.27113863 0.25027195 0.25349869
0.22502523 0.27114387 0.25033063 0.25350027
0.22495992 0.27114894 0.25038931 0.25350183
0.22489481 0.27115383 0.25044800 0.25350336
0.22482989 0.27115854 0.25050670 0.25350486
0.22476517 0.27116308 0.25056541 0.25350634
0.22470064 0.27116744 0.25062413 0.25350779
0.22463631 0.27117163 0.25068285 0.25350922
0.22457217 0.27117564 0.25074157 0.25351062
0.22450823 0.27117948 0.25080031 0.25351199
0.22444448 0.27118314 0.25085904 0.25351334
0.22438093 0.27118662 0.25091778 0.25351466
0.22431758 0.27118993 0.25097653 0.25351596
0.22425443 0.27119306 0.25103528 0.25351723
0.22419148 0.27119602 0.25109403 0.25351848
0.22412873 0.27119880 0.25115278 0.25351969
0.22406617 0.27120140 0.25121154 0.25352089
0.22400382 0.27120383 0.25127030 0.25352206
0.22394167 0.27120608 0.25132905 0.25352320
0.22387971 0.27120816 0.25138781 0.25352431
0.22381796 0.27121006 0.25144657 0.25352540
0.22375642 0.27121179 0.25150533 0.25352647
0.22369507 0.27121333 0.25156409 0.25352750
0.22363393 0.27121471 0.25162285 0.25352852
0.22357299 0.27121590 0.25168161 0.25352950
0.22351225 0.27121692 0.25174036 0.25353046
0.22345172 0.27121777 0.25179911 0.25353140
0.22339140 0.27121844 0.25185786 0.25353230
0.22333128 0.27121893 0.25191661 0.25353319
0.22327136 0.27121925 0.25197535 0.25353404
0.22321166 0.27121939 0.25203408 0.25353487
0.22315215 0.27121935 0.25209282 0.25353568
0.22309286 0.27121914 0.25215154 0.25353646
0.22303377 0.27121875 0.25221026 0.25353721
0.22297490 0.27121819 0.25226898 0.25353794
0.22291623 0.27121745 0.25232769 0.25353864
0.22285777 0.27121653 0.25238639 0.25353931
0.22279951 0.27121544 0.25244508 0.25353996
0.22274147 0.27121417 0.25250377 0.25354059
0.22268364 0.27121273 0.25256245 0.25354118
0.22262602 0.27121111 0.25262111 0.25354176
0.22256861 0.27120931 0.25267977 0.25354230
0.22251142 0.27120734 0.25273842 0.25354282
0.22245443 0.27120520 0.25279706 0.25354331
0.22239766 0.27120287 0.25285569 0.25354378
0.22234110 0.27120037 0.25291431 0.25354422
0.22228475 0.27119770 0.25297291 0.25354464
0.22222862 0.27119485 0.25303150 0.25354503
0.22217270 0.27119182 0.25309008 0.25354539
0.22211700 0.27118862 0.25314865 0.25354573
0.22206151 0.27118524 0.25320720 0.25354605
0.22200624 0.27118169 0.25326574 0.25354633
0.22195118 0.27117796 0.25332427 0.25354659
0.22189634 0.27117406 0.25338278 0.25354683
0.22184171 0.27116998 0.25344127 0.25354704
0.22178731 0.27116573 0.25349975 0.25354722
0.22173312 0.27116130 0.25355821 0.25354738
0.22167915 0.27115669 0.25361666 0.25354751
0.22162539 0.27115191 0.25367508 0.25354761
0.22157186 0.27114696 0.25373349 0.25354769
0.22151855 0.27114182 0.25379188 0.25354774
0.22146545 0.27113652 0.25385026 0.25354777
0.22141258 0.27113104 0.25390861 0.25354777
0.22135992 0.27112538 0.25396694 0.25354775
0.22130749 0.27111955 0.25402526 0.25354770
0.22125528 0.27111355 0.25408355 0.25354762
0.22120329 0.27110736 0.25414182 0.25354752
0.22115152 0.27110101 0.25420007 0.25354739
0.22109998 0.27109448 0.25425830 0.25354724
0.22104865 0.27108778 0.25431651 0.25354706
0.22099755 0.27108090 0.25437469 0.25354686
0.22094668 0.27107384 0.25443285 0.25354663
0.22089603 0.27106662 0.25449099 0.25354637
0.22084560 0.27105921 0.25454910 0.25354609
0.22079540 0.27105164 0.25460719 0.25354578
0.22074542 0.27104389 0.25466525 0.25354544
0.22069567 0.27103596 0.25472328 0.25354508
0.22064614 0.27102786 0.25478129 0.25354470
0.22059685 0.27101959 0.25483928 0.25354429
0.22054777 0.27101115 0.25489723 0.25354385
0.22049893 0.27100253 0.25495516 0.25354339
0.22045031 0.27099373 0.25501306 0.25354290
0.22040192 0.27098477 0.25507093 0.25354238
0.22035376 0.27097563 0.25512877 0.25354184
0.22030583 0.27096631 0.25518658 0.25354128
0.22025812 0.27095683 0.25524437 0.25354068
0.22021065 0.27094717 0.25530212 0.25354007
0.22016340 0.27093733 0.25535984 0.25353942
0.22011639 0.27092733 0.25541753 0.25353875
0.22006961 0.27091715 0.25547519 0.25353806
0.22002305 0.27090680 0.25553281 0.25353734
0.21997673 0.27089627 0.25559041 0.25353659
0.21993064 0.27088558 0.25564797 0.25353582
0.21988478 0.27087471 0.25570549 0.25353502
0.21983916 0.27086366 0.25576298 0.25353420
0.21979376 0.27085245 0.25582044 0.25353335
0.21974860 0.27084107 0.25587786 0.25353247
0.21970367 0.27082951 0.25593525 0.25353157
0.21965898 0.27081778 0.25599260 0.25353065
0.21961452 0.27080588 0.25604991 0.25352969
0.21957029 0.27079380 0.25610719 0.25352872
0.21952630 0.27078156 0.25616442 0.25352771
0.21948255 0.27076914 0.25622162 0.25352668
0.21943903 0.27075656 0.25627879 0.25352563
0.21939574 0.27074380 0.25633591 0.25352455
0.21935269 0.27073087 0.25639299 0.25352344
0.21930988 0.27071777 0.25645004 0.25352231
0.21926731 0.27070450 0.25650704 0.25352116
0.21922497 0.27069106 0.25656400 0.25351997
0.21918287 0.27067744 0.25662092 0.25351877
0.21914100 0.27066366 0.25667780 0.25351753
0.21909938 0.27064971 0.25673464 0.25351627
0.21905799 0.27063559 0.25679144 0.25351499
0.21901684 0.27062129 0.25684819 0.25351368
0.21897593 0.27060683 0.25690489 0.25351234
0.21893526 0.27059220 0.25696156 0.25351098
0.21889483 0.27057740 0.25701818 0.25350960
0.21885464 0.27056243 0.25707475 0.25350818
0.21881469 0.27054729 0.25713128 0.25350675
0.21877498 0.27053198 0.25718776 0.25350528
0.21873551 0.27051650 0.25724420 0.25350380
0.21869628 0.27050086 0.25730058 0.25350228
0.21865729 0.27048504 0.25735692 0.25350074
0.21861855 0.27046906 0.25741322 0.25349918
0.21858004 0.27045291 0.25746946 0.25349759
0.21854178 0.27043659 0.25752566 0.25349597
0.21850376 0.27042010 0.25758181 0.25349433
0.21846599 0.27040344 0.25763790 0.25349267
0.21842846 0.27038662 0.25769395 0.25349097
0.21839117 0.27036963 0.25774994 0.25348926
0.21835412 0.27035247 0.25780589 0.25348752
0.21831732 0.27033515 0.25786178 0.25348575
0.21828077 0.27031765 0.25791762 0.25348396
0.21824446 0.27030000 0.25797341 0.25348214
0.21820839 0.27028217 0.25802915 0.25348029
0.21817257 0.27026418 0.25808483 0.25347843
0.21813699 0.27024602 0.25814045 0.25347653
0.21810166 0.27022770 0.25819603 0.25347461
0.21806658 0.27020921 0.25825155 0.25347267
0.21803174 0.27019055 0.25830701 0.25347070
0.21799715 0.27017173 0.25836241 0.25346870
0.21796281 0.27015274 0.25841776 0.25346668
0.21792871 0.27013359 0.25847306 0.25346464
0.21789486 0.27011427 0.25852829 0.25346257
0.21786126 0.27009479 0.25858347 0.25346047
0.21782791 0.27007515 0.25863859 0.25345835
0.21779480 0.27005534 0.25869365 0.25345621
0.21776195 0.27003536 0.25874865 0.25345404
0.21772934 0.27001522 0.25880360 0.25345184
0.21769698 0.26999492 0.25885848 0.25344962
0.21766487 0.26997445 0.25891330 0.25344737
0.21763301 0.26995382 0.25896806 0.25344510
0.21760140 0.26993303 0.25902276 0.25344281
0.21757004 0.26991208 0.25907740 0.25344049
0.21753893 0.26989096 0.25913197 0.25343814
0.21750807 0.26986968 0.25918648 0.25343577
0.21747746 0.26984823 0.25924093 0.25343337
0.21744711 0.26982663 0.25929531 0.25343095
0.21741700 0.26980486 0.25934963 0.25342851
0.21738715 0.26978293 0.25940389 0.25342603
0.21735754 0.26976084 0.25945808 0.25342354
0.21732819 0.26973859 0.25951220 0.25342102
0.21729909 0.26971617 0.25956626 0.25341847
0.21727025 0.26969360 0.25962025 0.25341590
0.21724165 0.26967086 0.25967418 0.25341331
0.21721331 0.26964797 0.25972803 0.25341069
0.21718523 0.26962491 0.25978182 0.25340804
0.21715739 0.26960169 0.25983554 0.25340537
0.21712981 0.26957832 0.25988919 0.25340268
0.21710249 0.26955478 0.25994277 0.25339996
0.21707541 0.26953109 0.25999628 0.25339722
0.21704859 0.26950723 0.26004973 0.25339445
0.21702203 0.26948322 0.26010310 0.25339165
0.21699572 0.26945905 0.26015639 0.25338884
0.21696967 0.26943472 0.26020962 0.25338599
0.21694387 0.26941023 0.26026278 0.25338313
0.21691832 0.26938558 0.26031586 0.25338023
0.21689304 0.26936078 0.26036887 0.25337732
0.21686800 0.26933582 0.26042180 0.25337438
0.21684323 0.26931070 0.26047466 0.25337141
0.21681871 0.26928542 0.26052745 0.25336842
0.21679444 0.26925999 0.26058016 0.25336541
0.21677043 0.26923440 0.26063280 0.25336237
0.21674668 0.26920866 0.26068536 0.25335930
0.21672319 0.26918275 0.26073784 0.25335621
0.21669995 0.26915670 0.26079025 0.25335310
0.21667697 0.26913048 0.26084258 0.25334996
0.21665425 0.26910412 0.26089483 0.25334680
0.21663179 0.26907759 0.26094701 0.25334362
0.21660958 0.26905091 0.26099910 0.25334041
0.21658763 0.26902408 0.26105112 0.25333717
0.21656594 0.26899710 0.26110305 0.25333391
0.21654451 0.26896995 0.26115491 0.25333063
0.21652333 0.26894266 0.26120669 0.25332732
0.21650242 0.26891521 0.26125838 0.25332399
0.21648176 0.26888761 0.26130999 0.25332063
0.21646137 0.26885985 0.26136153 0.25331725
0.21644123 0.26883195 0.26141298 0.25331385
0.21642135 0.26880389 0.26146434 0.25331042
0.21640174 0.26877568 0.26151563 0.25330696
0.21638238 0.26874731 0.26156683 0.25330349
0.21636328 0.26871880 0.26161794 0.25329998
0.21634444 0.26869013 0.26166897 0.25329646
0.21632586 0.26866131 0.26171992 0.25329291
0.21630755 0.26863234 0.26177078 0.25328933
0.21628949 0.26860322 0.26182155 0.25328574
0.21627169 0.26857395 0.26187224 0.25328211
0.21625416 0.26854453 0.26192284 0.25327847
0.21623688 0.26851496 0.26197336 0.25327480
0.21621987 0.26848524 0.26202378 0.25327110
0.21620312 0.26845537 0.26207412 0.25326738
0.21618663 0.26842536 0.26212437 0.25326364
0.21617040 0.26839519 0.26217453 0.25325988
0.21615443 0.26836488 0.26222460 0.25325609
0.21613873 0.26833441 0.26227458 0.25325227
0.21612329 0.26830380 0.26232447 0.25324844
0.21610811 0.26827304 0.26237427 0.25324457
0.21609319 0.26824214 0.26242398 0.25324069
0.21607853 0.26821109 0.26247360 0.25323678
0.21606414 0.26817989 0.26252312 0.25323285
0.21605001 0.26814854 0.26257256 0.25322889
0.21603614 0.26811705 0.26262189 0.25322491
0.21602254 0.26808542 0.26267114 0.25322091
0.21600920 0.26805363 0.26272029 0.25321688
0.21599612 0.26802171 0.26276935 0.25321283
0.21598330 0.26798964 0.26281831 0.25320875
0.21597075 0.26795742 0.26286718 0.25320465
0.21595846 0.26792506 0.26291595 0.25320053
0.21594644 0.26789255 0.26296462 0.25319639
0.21593468 0.26785990 0.26301320 0.25319222
0.21592318 0.26782711 0.26306168 0.25318802
0.21591195 0.26779418 0.26311006 0.25318381
0.21590098 0.26776110 0.26315835 0.25317957
0.21589028 0.26772788 0.26320654 0.25317531
0.21587984 0.26769452 0.26325463 0.25317102
0.21586966 0.26766101 0.26330261 0.25316671
0.21585975 0.26762737 0.26335050 0.25316238
0.21585011 0.26759358 0.26339829 0.25315802
0.21584072 0.26755965 0.26344598 0.25315364
0.21583161 0.26752559 0.26349357 0.25314924
0.21582276 0.26749138 0.26354106 0.25314481
0.21581417 0.26745703 0.26358844 0.25314036
0.21580585 0.26742254 0.26363572 0.25313589
0.21579779 0.26738791 0.26368290 0.25313139
0.21579000 0.26735315 0.26372998 0.25312687
0.21578247 0.26731824 0.26377695 0.25312233
0.21577521 0.26728320 0.26382382 0.25311776
0.21576822 0.26724802 0.26387059 0.25311318
0.21576149 0.26721270 0.26391725 0.25310856
0.21575503 0.26717724 0.26396380 0.25310393
0.21574883 0.26714165 0.26401025 0.25309927
0.21574289 0.26710592 0.26405659 0.25309459
0.21573723 0.26707005 0.26410283 0.25308989
0.21573183 0.26703405 0.26414896 0.25308516
0.21572669 0.26699791 0.26419498 0.25308041
0.21572182 0.26696164 0.26424089 0.25307564
0.21571722 0.26692523 0.26428670 0.25307084
0.21571289 0.26688869 0.26433240 0.25306603
0.21570882 0.26685201 0.26437799 0.25306119
0.21570501 0.26681520 0.26442346 0.25305632
0.21570147 0.26677826 0.26446883 0.25305144
0.21569820 0.26674118 0.26451409 0.25304653
0.21569520 0.26670397 0.26455924 0.25304160
0.21569246 0.26666662 0.26460427 0.25303664
0.21568999 0.26662915 0.26464920 0.25303166
0.21568778 0.26659154 0.26469401 0.25302667
0.21568584 0.26655380 0.26473871 0.25302164
0.21568417 0.26651593 0.26478330 0.25301660
0.21568277 0.26647793 0.26482777 0.25301153
0.21568163 0.26643979 0.26487213 0.25300644
0.21568076 0.26640153 0.26491638 0.25300133
0.21568015 0.26636314 0.26496051 0.25299620
0.21567981 0.26632462 0.26500453 0.25299104
0.21567974 0.26628597 0.26504843 0.25298586
0.21567994 0.26624719 0.26509222 0.25298066
0.21568040 0.26620828 0.26513589 0.25297543
0.21568113 0.26616924 0.26517944 0.25297019
0.21568213 0.26613008 0.26522288 0.25296492
0.21568339 0.26609078 0.26526620 0.25295963
0.21568492 0.26605136 0.26530940 0.25295432
0.21568672 0.26601182 0.26535248 0.25294898
0.21568878 0.26597215 0.26539545 0.25294363
0.21569111 0.26593235 0.26543829 0.25293825
0.21569371 0.26589242 0.26548102 0.25293285
0.21569658 0.26585238 0.26552362 0.25292742
0.21569971 0.26581220 0.26556611 0.25292198
0.21570311 0.26577190 0.26560848 0.25291651
0.21570677 0.26573148 0.26565072 0.25291102
0.21571071 0.26569094 0.26569285 0.25290551
0.21571491 0.26565027 0.26573485 0.25289998
0.21571938 0.26560947 0.26577673 0.25289442
0.21572411 0.26556856 0.26581848 0.25288885
0.21572911 0.26552752 0.26586012 0.25288325
0.21573438 0.26548636 0.26590163 0.25287763
0.21573992 0.26544508 0.26594302 0.25287199
0.21574572 0.26540368 0.26598428 0.25286632
0.21575179 0.26536215 0.26602542 0.25286064
0.21575813 0.26532051 0.26606643 0.25285493
0.21576473 0.26527875 0.26610732 0.25284920
0.21577160 0.26523686 0.26614808 0.25284345
0.21577874 0.26519486 0.26618872 0.25283768
0.21578614 0.26515274 0.26622923 0.25283189
0.21579381 0.26511050 0.26626961 0.25282607
0.21580175 0.26506814 0.26630987 0.25282024
0.21580995 0.26502567 0.26635000 0.25281438
0.21581843 0.26498307 0.26639000 0.25280850
0.21582716 0.26494036 0.26642987 0.25280260
0.21583617 0.26489754 0.26646962 0.25279668
0.21584544 0.26485459 0.26650923 0.25279074
0.21585498 0.26481153 0.26654871 0.25278477
0.21586478 0.26476836 0.26658807 0.25277879
0.21587485 0.26472507 0.26662729 0.25277278
0.21588519 0.26468166 0.26666639 0.25276676
0.21589580 0.26463815 0.26670535 0.25276071
0.21590667 0.26459451 0.26674418 0.25275464
0.21591780 0.26455077 0.26678288 0.25274855
0.21592920 0.26450691 0.26682145 0.25274244
0.21594087 0.26446294 0.26685989 0.25273630
0.21595281 0.26441885 0.26689819 0.25273015
0.21596501 0.26437465 0.26693636 0.25272398
0.21597748 0.26433035 0.26697440 0.25271778
0.21599021 0.26428593 0.26701230 0.25271157
0.21600321 0.26424140 0.26705006 0.25270533
0.21601647 0.26419676 0.26708770 0.25269907
0.21603000 0.26415201 0.26712520 0.25269279
0.21604380 0.26410715 0.26716256 0.25268650
0.21605786 0.26406218 0.26719978 0.25268018
0.21607219 0.26401710 0.26723687 0.25267384
0.21608678 0.26397191 0.26727383 0.25266748
0.21610164 0.26392662 0.26731065 0.25266109
0.21611676 0.26388122 0.26734733 0.25265469
0.21613215 0.26383571 0.26738387 0.25264827
0.21614781 0.26379009 0.26742027 0.25264183
0.21616372 0.26374437 0.26745654 0.25263537
0.21617991 0.26369854 0.26749267 0.25262888
0.21619636 0.26365261 0.26752866 0.25262238
0.21621307 0.26360657 0.26756450 0.25261586
0.21623005 0.26356043 0.26760021 0.25260931
0.21624729 0.26351418 0.26763578 0.25260275
0.21626480 0.26346783 0.26767121 0.25259616
0.21628257 0.26342137 0.26770650 0.25258956
0.21630060 0.26337481 0.26774165 0.25258293
0.21631890 0.26332815 0.26777666 0.25257629
0.21633747 0.26328139 0.26781152 0.25256962
0.21635630 0.26323452 0.26784624 0.25256294
0.21637539 0.26318756 0.26788082 0.25255624
0.21639474 0.26314049 0.26791526 0.25254951
0.21641436 0.26309332 0.26794955 0.25254277
0.21643424 0.26304605 0.26798370 0.25253600
0.21645439 0.26299868 0.26801771 0.25252922
0.21647480 0.26295122 0.26805157 0.25252242
0.21649547 0.26290365 0.26808529 0.25251559
0.21651640 0.26285598 0.26811886 0.25250875
0.21653760 0.26280822 0.26815229 0.25250189
0.21655906 0.26276036 0.26818557 0.25249500
0.21658078 0.26271240 0.26821871 0.25248810
0.21660277 0.26266435 0.26825170 0.25248118
0.21662502 0.26261619 0.26828455 0.25247424
0.21664753 0.26256795 0.26831724 0.25246728
0.21667030 0.26251960 0.26834980 0.25246030
0.21669333 0.26247117 0.26838220 0.25245330
0.21671663 0.26242263 0.26841445 0.25244629
0.21674019 0.26237400 0.26844656 0.25243925
0.21676400 0.26232528 0.26847852 0.25243219
0.21678808 0.26227647 0.26851033 0.25242512
0.21681242 0.26222756 0.26854199 0.25241802
0.21683703 0.26217856 0.26857350 0.25241091
0.21686189 0.26212947 0.26860487 0.25240377
0.21688701 0.26208028 0.26863608 0.25239662
0.21691240 0.26203101 0.26866714 0.25238945
0.21693804 0.26198164 0.26869805 0.25238226
0.21696395 0.26193218 0.26872881 0.25237505
0.21699011 0.26188264 0.26875942 0.25236783
0.21701654 0.26183300 0.26878988 0.25236058
0.21704322 0.26178327 0.26882019 0.25235331
0.21707017 0.26173346 0.26885034 0.25234603
0.21709737 0.26168356 0.26888035 0.25233873
0.21712483 0.26163357 0.26891020 0.25233141
0.21715255 0.26158349 0.26893989 0.25232407
0.21718053 0.26153332 0.26896943 0.25231671
0.21720877 0.26148307 0.26899882 0.25230933
0.21723727 0.26143273 0.26902806 0.25230194
0.21726603 0.26138231 0.26905714 0.25229452
0.21729504 0.26133180 0.26908607 0.25228709
0.21732431 0.26128121 0.26911484 0.25227964
0.21735384 0.26123053 0.26914346 0.25227217
0.21738363 0.26117977 0.26917192 0.25226469
0.21741367 0.26112892 0.26920022 0.25225718
0.21744397 0.26107799 0.26922837 0.25224966
0.21747453 0.26102698 0.26925637 0.25224212
0.21750535 0.26097589 0.26928421 0.25223456
0.21753642 0.26092471 0.26931189 0.25222698
0.21756775 0.26087345 0.26933941 0.25221939
0.21759933 0.26082212 0.26936678 0.25221177
0.21763117 0.26077070 0.26939399 0.25220414
0.21766327 0.26071920 0.26942104 0.25219650
0.21769562 0.26066762 0.26944793 0.25218883
0.21772822 0.26061597 0.26947466 0.25218114
0.21776109 0.26056423 0.26950124 0.25217344
0.21779420 0.26051242 0.26952765 0.25216572
0.21782757 0.26046053 0.26955391 0.25215799
0.21786120 0.26040856 0.26958001 0.25215023
0.21789508 0.26035651 0.26960595 0.25214246
0.21792921 0.26030439 0.26963173 0.25213467
0.21796360 0.26025219 0.26965734 0.25212686
0.21799824 0.26019992 0.26968280 0.25211904
0.21803313 0.26014757 0.26970810 0.25211120
0.21806828 0.26009515 0.26973323 0.25210334
0.21810368 0.26004265 0.26975820 0.25209546
0.21813933 0.25999008 0.26978302 0.25208757
0.21817524 0.25993744 0.26980767 0.25207966
0.21821139 0.25988472 0.26983215 0.25207173
0.21824780 0.25983193 0.26985648 0.25206379
0.21828446 0.25977907 0.26988064 0.25205583
0.21832137 0.25972614 0.26990464 0.25204785
0.21835854 0.25967313 0.26992848 0.25203985
0.21839595 0.25962006 0.26995215 0.25203184
0.21843361 0.25956691 0.26997566 0.25202381
0.21847153 0.25951370 0.26999901 0.25201577
0.21850969 0.25946042 0.27002219 0.25200770
0.21854811 0.25940706 0.27004521 0.25199963
0.21858677 0.25935364 0.27006806 0.25199153
0.21862568 0.25930015 0.27009075 0.25198342
0.21866484 0.25924660 0.27011327 0.25197529
0.21870425 0.25919297 0.27013563 0.25196714
0.21874391 0.25913928 0.27015782 0.25195898
0.21878382 0.25908553 0.27017985 0.25195081
0.21882397 0.25903171 0.27020171 0.25194261
0.21886437 0.25897782 0.27022340 0.25193440
0.21890502 0.25892387 0.27024493 0.25192618
0.21894592 0.25886986 0.27026629 0.25191793
0.21898706 0.25881578 0.27028748 0.25190968
0.21902845 0.25876163 0.27030851 0.25190140
0.21907009 0.25870743 0.27032937 0.25189311
0.21911197 0.25865316 0.27035006 0.25188481
0.21915410 0.25859883 0.27037058 0.25187648
0.21919647 0.25854444 0.27039094 0.25186815
0.21923909 0.25848999 0.27041113 0.25185979
0.21928195 0.25843548 0.27043115 0.25185142
0.21932506 0.25838090 0.27045100 0.25184304
0.21936841 0.25832627 0.27047068 0.25183464
0.21941201 0.25827158 0.27049019 0.25182622
0.21945585 0.25821683 0.27050953 0.25181779
0.21949993 0.25816202 0.27052871 0.25180934
0.21954425 0.25810716 0.27054771 0.25180088
0.21958882 0.25805223 0.27056655 0.25179240
0.21963363 0.25799725 0.27058521 0.25178391
0.21967868 0.25794221 0.27060370 0.25177540
0.21972397 0.25788712 0.27062203 0.25176688
0.21976951 0.25783197 0.27064018 0.25175834
0.21981528 0.25777677 0.27065816 0.25174979
0.21986130 0.25772151 0.27067597 0.25174122
0.21990756 0.25766620 0.27069361 0.25173263
0.21995405 0.25761083 0.27071108 0.25172404
0.22000079 0.25755542 0.27072837 0.25171542
0.22004776 0.25749994 0.27074550 0.25170679
0.22009498 0.25744442 0.27076245 0.25169815
0.22014243 0.25738884 0.27077923 0.25168949
0.22019012 0.25733322 0.27079584 0.25168082
0.22023805 0.25727754 0.27081227 0.25167214
0.22028622 0.25722181 0.27082853 0.25166343
0.22033463 0.25716603 0.27084462 0.25165472
0.22038327 0.25711020 0.27086054 0.25164599
0.22043215 0.25705433 0.27087628 0.25163725
0.22048126 0.25699840 0.27089185 0.25162849
0.22053061 0.25694243 0.27090725 0.25161971
0.22058020 0.25688641 0.27092247 0.25161093
0.22063002 0.25683034 0.27093752 0.25160213
0.22068008 0.25677422 0.27095239 0.25159331
0.22073037 0.25671806 0.27096709 0.25158448
0.22078089 0.25666186 0.27098161 0.25157564
0.22083165 0.25660560 0.27099596 0.25156678
0.22088264 0.25654931 0.27101014 0.25155791
0.22093387 0.25649297 0.27102414 0.25154903
0.22098533 0.25643658 0.27103797 0.25154013
0.22103702 0.25638015 0.27105162 0.25153122
0.22108894 0.25632368 0.27106509 0.25152229
0.22114109 0.25626717 0.27107839 0.25151335
0.22119348 0.25621061 0.27109151 0.25150440
0.22124609 0.25615401 0.27110446 0.25149544
0.22129894 0.25609737 0.27111723 0.25148646
0.22135201 0.25604069 0.27112983 0.25147746
0.22140532 0.25598397 0.27114225 0.25146846
0.22145886 0.25592721 0.27115449 0.25145944
0.22151262 0.25587042 0.27116656 0.25145041
0.22156661 0.25581358 0.27117845 0.25144136
0.22162083 0.25575670 0.27119016 0.25143231
0.22167528 0.25569979 0.27120169 0.25142323
0.22172996 0.25564284 0.27121305 0.25141415
0.22178486 0.25558585 0.27122423 0.25140505
0.22183999 0.25552883 0.27123524 0.25139595
0.22189535 0.25547177 0.27124606 0.25138682
0.22195093 0.25541467 0.27125671 0.25137769
0.22200673 0.25535754 0.27126718 0.25136854
0.22206276 0.25530038 0.27127748 0.25135938
0.22211902 0.25524318 0.27128759 0.25135021
0.22217550 0.25518594 0.27129753 0.25134103
0.22223220 0.25512868 0.27130729 0.25133183
0.22228913 0.25507138 0.27131687 0.25132262
0.22234628 0.25501405 0.27132627 0.25131340
0.22240365 0.25495669 0.27133550 0.25130417
0.22246125 0.25489929 0.27134454 0.25129492
0.22251906 0.25484187 0.27135341 0.25128566
0.22257710 0.25478441 0.27136209 0.25127640
0.22263536 0.25472693 0.27137060 0.25126711
0.22269383 0.25466941 0.27137893 0.25125782
0.22275253 0.25461187 0.27138708 0.25124852
0.22281145 0.25455430 0.27139505 0.25123920
0.22287058 0.25449670 0.27140284 0.25122987
0.22292994 0.25443907 0.27141046 0.25122053
0.22298951 0.25438142 0.27141789 0.25121118
0.22304930 0.25432374 0.27142514 0.25120182
0.22310931 0.25426603 0.27143221 0.25119245
0.22316953 0.25420830 0.27143911 0.25118306
0.22322997 0.25415054 0.27144582 0.25117367
0.22329063 0.25409276 0.27145235 0.25116426
0.22335150 0.25403495 0.27145871 0.25115484
0.22341259 0.25397712 0.27146488 0.25114541
0.22347389 0.25391927 0.27147087 0.25113597
0.22353540 0.25386139 0.27147668 0.25112652
0.22359713 0.25380349 0.27148232 0.25111706
0.22365908 0.25374557 0.27148777 0.25110758
0.22372123 0.25368763 0.27149304 0.25109810
0.22378360 0.25362967 0.27149813 0.25108861
0.22384618 0.25357168 0.27150304 0.25107910
0.22390897 0.25351368 0.27150777 0.25106959
0.22397197 0.25345566 0.27151232 0.25106006
0.22403518 0.25339761 0.27151668 0.25105053
0.22409860 0.25333955 0.27152087 0.25104098
0.22416223 0.25328147 0.27152488 0.25103142
0.22422607 0.25322338 0.27152870 0.25102186
0.22429012 0.25316526 0.27153234 0.25101228
0.22435437 0.25310713 0.27153580 0.25100269
0.22441883 0.25304898 0.27153909 0.25099310
0.22448350 0.25299082 0.27154219 0.25098349
0.22454838 0.25293264 0.27154510 0.25097387
0.22461346 0.25287445 0.27154784 0.25096425
0.22467875 0.25281624 0.27155040 0.25095461
0.22474424 0.25275802 0.27155277 0.25094497
0.22480994 0.25269979 0.27155496 0.25093531
0.22487584 0.25264154 0.27155697 0.25092565
0.22494195 0.25258328 0.27155880 0.25091597
0.22500826 0.25252500 0.27156045 0.25090629
0.22507477 0.25246672 0.27156192 0.25089660
0.22514148 0.25240842 0.27156320 0.25088689
0.22520839 0.25235012 0.27156430 0.25087718
0.22527551 0.25229180 0.27156523 0.25086746
0.22534283 0.25223348 0.27156596 0.25085773
0.22541034 0.25217514 0.27156652 0.25084800
0.22547806 0.25211680 0.27156690 0.25083825
0.22554597 0.25205844 0.27156709 0.25082849
0.22561408 0.25200008 0.27156710 0.25081873
0.22568239 0.25194171 0.27156693 0.25080896
0.22575090 0.25188334 0.27156658 0.25079918
0.22581961 0.25182496 0.27156605 0.25078939
0.22588851 0.25176657 0.27156533 0.25077959
0.22595760 0.25170818 0.27156444 0.25076978
0.22602690 0.25164978 0.27156336 0.25075997
0.22609638 0.25159138 0.27156210 0.25075014
0.22616606 0.25153297 0.27156065 0.25074031
0.22623594 0.25147456 0.27155903 0.25073047
0.22630601 0.25141614 0.27155722 0.25072063
0.22637627 0.25135773 0.27155523 0.25071077
0.22644672 0.25129931 0.27155306 0.25070091
0.22651737 0.25124089 0.27155071 0.25069104
0.22658820 0.25118246 0.27154818 0.25068116
0.22665923 0.25112404 0.27154546 0.25067127
0.22673044 0.25106562 0.27154256 0.25066138
0.22680185 0.25100719 0.27153948 0.25065148
0.22687344 0.25094877 0.27153622 0.25064157
0.22694522 0.25089034 0.27153278 0.25063166
0.22701719 0.25083192 0.27152915 0.25062173
0.22708935 0.25077350 0.27152534 0.25061180
0.22716169 0.25071509 0.27152135 0.25060187
0.22723422 0.25065667 0.27151718 0.25059192
0.22730694 0.25059826 0.27151283 0.25058197
0.22737984 0.25053985 0.27150830 0.25057201
0.22745292 0.25048145 0.27150358 0.25056205
0.22752619 0.25042305 0.27149868 0.25055208
0.22759964 0.25036466 0.27149360 0.25054210
0.22767328 0.25030627 0.27148834 0.25053211
0.22774709 0.25024788 0.27148290 0.25052212
0.22782109 0.25018951 0.27147728 0.25051212
0.22789527 0.25013114 0.27147147 0.25050212
0.22796963 0.25007278 0.27146548 0.25049211
0.22804417 0.25001442 0.27145932 0.25048209
0.22811889 0.24995608 0.27145297 0.25047207
0.22819378 0.24989774 0.27144644 0.25046204
0.22826886 0.24983941 0.27143972 0.25045201
0.22834411 0.24978109 0.27143283 0.25044197
0.22841954 0.24972278 0.27142576 0.25043192
0.22849514 0.24966448 0.27141850 0.25042187
0.22857093 0.24960620 0.27141107 0.25041181
0.22864688 0.24954792 0.27140345 0.25040175
0.22872301 0.24948966 0.27139565 0.25039168
0.22879932 0.24943141 0.27138767 0.25038161
0.22887580 0.24937317 0.27137951 0.25037153
0.22895245 0.24931494 0.27137117 0.25036144
0.22902927 0.24925673 0.27136265 0.25035135
0.22910626 0.24919853 0.27135395 0.25034126
0.22918343 0.24914035 0.27134507 0.25033116
0.22926076 0.24908218 0.27133601 0.25032105
0.22933827 0.24902403 0.27132676 0.25031094
0.22941594 0.24896589 0.27131734 0.25030083
0.22949379 0.24890777 0.27130774 0.25029071
0.22957180 0.24884967 0.27129795 0.25028058
0.22964997 0.24879158 0.27128799 0.25027045
0.22972832 0.24873351 0.27127785 0.25026032
0.22980683 0.24867546 0.27126753 0.25025018
0.22988551 0.24861743 0.27125702 0.25024004
0.22996435 0.24855942 0.27124634 0.25022989
0.23004335 0.24850142 0.27123548 0.25021974
0.23012252 0.24844345 0.27122444 0.25020959
0.23020185 0.24838550 0.27121322 0.25019943
0.23028135 0.24832757 0.27120182 0.25018927
0.23036100 0.24826966 0.27119024 0.25017910
0.23044082 0.24821177 0.27117848 0.25016893
0.23052079 0.24815390 0.27116655 0.25015876
0.23060093 0.24809606 0.27115443 0.25014858
0.23068123 0.24803824 0.27114214 0.25013840
0.23076168 0.24798044 0.27112966 0.25012822
0.23084229 0.24792267 0.27111701 0.25011803
0.23092306 0.24786492 0.27110418 0.25010784
0.23100399 0.24780719 0.27109117 0.25009764
0.23108507 0.24774949 0.27107799 0.25008745
0.23116631 0.24769182 0.27106462 0.25007725
0.23124770 0.24763417 0.27105108 0.25006704
0.23132925 0.24757655 0.27103736 0.25005684
0.23141095 0.24751896 0.27102346 0.25004663
0.23149280 0.24746140 0.27100939 0.25003642
0.23157480 0.24740386 0.27099513 0.25002620
0.23165696 0.24734635 0.27098070 0.25001599
0.23173926 0.24728887 0.27096610 0.25000577
0.23182172 0.24723142 0.27095131 0.24999555
0.23190433 0.24717400 0.27093635 0.24998532
0.23198708 0.24711661 0.27092121 0.24997510
0.23206999 0.24705925 0.27090590 0.24996487
0.23215304 0.24700192 0.27089041 0.24995464
0.23223623 0.24694462 0.27087474 0.24994441
0.23231958 0.24688735 0.27085890 0.24993417
0.23240307 0.24683012 0.27084288 0.24992394
0.23248670 0.24677292 0.27082668 0.24991370
0.23257048 0.24671575 0.27081031 0.24990346
0.23265440 0.24665862 0.27079377 0.24989322
0.23273846 0.24660152 0.27077704 0.24988298
0.23282267 0.24654445 0.27076015 0.24987273
0.23290702 0.24648742 0.27074307 0.24986249
0.23299151 0.24643043 0.27072583 0.24985224
0.23307613 0.24637347 0.27070841 0.24984199
0.23316090 0.24631654 0.27069081 0.24983174
0.23324581 0.24625966 0.27067304 0.24982150
0.23333085 0.24620281 0.27065509 0.24981125
0.23341604 0.24614600 0.27063697 0.24980099
0.23350135 0.24608922 0.27061868 0.24979074
0.23358681 0.24603249 0.27060021 0.24978049
0.23367240 0.24597579 0.27058157 0.24977024
0.23375812 0.24591914 0.27056276 0.24975998
0.23384398 0.24586252 0.27054377 0.24974973
0.23392998 0.24580594 0.27052461 0.24973948
0.23401610 0.24574940 0.27050527 0.24972922
0.23410236 0.24569291 0.27048577 0.24971897
0.23418875 0.24563645 0.27046609 0.24970871
0.23427526 0.24558004 0.27044624 0.24969846
0.23436191 0.24552367 0.27042621 0.24968820
0.23444869 0.24546734 0.27040602 0.24967795
0.23453559 0.24541106 0.27038565 0.24966770
0.23462263 0.24535482 0.27036511 0.24965744
0.23470979 0.24529862 0.27034440 0.24964719
0.23479707 0.24524247 0.27032352 0.24963694
0.23488449 0.24518636 0.27030247 0.24962669
0.23497202 0.24513030 0.27028124 0.24961644
0.23505968 0.24507428 0.27025985 0.24960619
0.23514747 0.24501831 0.27023829 0.24959594
0.23523538 0.24496238 0.27021655 0.24958569
0.23532340 0.24490650 0.27019465 0.24957544
0.23541156 0.24485067 0.27017257 0.24956520
0.23549983 0.24479489 0.27015033 0.24955495
0.23558822 0.24473916 0.27012792 0.24954471
0.23567673 0.24468347 0.27010534 0.24953447
0.23576536 0.24462783 0.27008259 0.24952423
0.23585410 0.24457224 0.27005967 0.24951399
0.23594297 0.24451671 0.27003658 0.24950375
0.23603195 0.24446122 0.27001332 0.24949351
0.23612104 0.24440578 0.26998990 0.24948328
0.23621025 0.24435039 0.26996630 0.24947305
0.23629958 0.24429506 0.26994255 0.24946282
0.23638901 0.24423978 0.26991862 0.24945259
0.23647856 0.24418455 0.26989452 0.24944237
0.23656822 0.24412937 0.26987026 0.24943215
0.23665800 0.24407424 0.26984584 0.24942192
0.23674788 0.24401917 0.26982124 0.24941171
0.23683788 0.24396415 0.26979648 0.24940149
0.23692798 0.24390919 0.26977155 0.24939128
0.23701819 0.24385428 0.26974646 0.24938107
0.23710851 0.24379943 0.26972121 0.24937086
0.23719893 0.24374463 0.26969578 0.24936066
0.23728946 0.24368989 0.26967020 0.24935046
0.23738010 0.24363520 0.26964444 0.24934026
0.23747084 0.24358057 0.26961853 0.24933006
0.23756169 0.24352600 0.26959245 0.24931987
0.23765263 0.24347148 0.26956620 0.24930968
0.23774368 0.24341703 0.26953979 0.24929950
0.23783484 0.24336263 0.26951322 0.24928932
0.23792609 0.24330829 0.26948648 0.24927914
0.23801744 0.24325401 0.26945959 0.24926896
0.23810889 0.24319979 0.26943253 0.24925879
0.23820044 0.24314563 0.26940530 0.24924863
0.23829209 0.24309153 0.26937792 0.24923846
0.23838384 0.24303749 0.26935037 0.24922831
0.23847568 0.24298351 0.26932266 0.24921815
0.23856762 0.24292959 0.26929479 0.24920800
0.23865965 0.24287574 0.26926676 0.24919786
0.23875178 0.24282194 0.26923857 0.24918771
0.23884400 0.24276821 0.26921021 0.24917758
0.23893631 0.24271455 0.26918170 0.24916744
0.23902871 0.24266094 0.26915303 0.24915732
0.23912121 0.24260740 0.26912419 0.24914719
0.23921380 0.24255393 0.26909520 0.24913708
0.23930647 0.24250052 0.26906605 0.24912696
0.23939923 0.24244717 0.26903674 0.24911685
0.23949209 0.24239389 0.26900727 0.24910675
0.23958503 0.24234068 0.26897765 0.24909665
0.23967805 0.24228753 0.26894786 0.24908656
0.23977116 0.24223445 0.26891792 0.24907647
0.23986436 0.24218143 0.26888782 0.24906639
0.23995764 0.24212848 0.26885756 0.24905632
0.24005101 0.24207560 0.26882715 0.24904625
0.24014445 0.24202279 0.26879657 0.24903618
0.24023798 0.24197005 0.26876585 0.24902612
0.24033159 0.24191738 0.26873496 0.24901607
0.24042528 0.24186477 0.26870393 0.24900602
0.24051905 0.24181224 0.26867273 0.24899598
0.24061290 0.24175977 0.26864138 0.24898595
0.24070683 0.24170738 0.26860988 0.24897592
0.24080083 0.24165505 0.26857822 0.24896590
0.24089491 0.24160280 0.26854641 0.24895588
0.24098907 0.24155062 0.26851444 0.24894587
0.24108330 0.24149851 0.26848232 0.24893587
0.24117760 0.24144647 0.26845005 0.24892587
0.24127198 0.24139451 0.26841762 0.24891588
0.24136643 0.24134262 0.26838505 0.24890590
0.24146096 0.24129080 0.26835232 0.24889593
0.24155555 0.24123906 0.26831943 0.24888596
0.24165021 0.24118739 0.26828640 0.24887600
0.24174495 0.24113580 0.26825321 0.24886604
0.24183975 0.24108428 0.26821988 0.24885610
0.24193462 0.24103283 0.26818639 0.24884616
0.24202956 0.24098146 0.26815275 0.24883623
0.24212456 0.24093017 0.26811897 0.24882630
0.24221963 0.24087895 0.26808503 0.24881639
0.24231476 0.24082782 0.26805094 0.24880648
0.24240996 0.24077675 0.26801671 0.24879658
0.24250522 0.24072577 0.26798232 0.24878669
0.24260055 0.24067486 0.26794779 0.24877680
0.24269593 0.24062403 0.26791311 0.24876692
0.24279138 0.24057328 0.26787828 0.24875706
0.24288688 0.24052261 0.26784331 0.24874720
0.24298245 0.24047202 0.26780818 0.24873735
0.24307807 0.24042151 0.26777291 0.24872750
0.24317375 0.24037108 0.26773750 0.24871767
0.24326949 0.24032073 0.26770194 0.24870784
0.24336529 0.24027046 0.26766623 0.24869803
0.24346114 0.24022027 0.26763038 0.24868822
0.24355704 0.24017016 0.26759438 0.24867842
0.24365300 0.24012013 0.26755824 0.24866863
0.24374901 0.24007019 0.26752196 0.24865885
0.24384507 0.24002033 0.26748553 0.24864908
0.24394118 0.23997055 0.26744895 0.24863931
0.24403735 0.23992086 0.26741224 0.24862956
0.24413356 0.23987124 0.26737538 0.24861982
0.24422982 0.23982172 0.26733838 0.24861008
0.24432614 0.23977227 0.26730123 0.24860036
0.24442249 0.23972292 0.26726395 0.24859064
0.24451890 0.23967364 0.26722652 0.24858094
0.24461535 0.23962446 0.26718895 0.24857124
0.24471184 0.23957535 0.26715124 0.24856156
0.24480838 0.23952634 0.26711340 0.24855188
0.24490497 0.23947741 0.26707541 0.24854222
0.24500159 0.23942857 0.26703728 0.24853257
0.24509826 0.23937981 0.26699901 0.24852292
0.24519496 0.23933114 0.26696061 0.24851329
0.24529171 0.23928256 0.26692206 0.24850366
0.24538850 0.23923407 0.26688338 0.24849405
0.24548532 0.23918567 0.26684456 0.24848445
0.24558219 0.23913735 0.26680560 0.24847486
0.24567909 0.23908913 0.26676651 0.24846528
0.24577602 0.23904099 0.26672728 0.24845571
0.24587299 0.23899294 0.26668791 0.24844615
0.24597000 0.23894499 0.26664841 0.24843660
0.24606704 0.23889712 0.26660877 0.24842707
0.24616411 0.23884935 0.26656900 0.24841754
0.24626121 0.23880167 0.26652909 0.24840803
0.24635835 0.23875407 0.26648905 0.24839853
0.24645552 0.23870657 0.26644887 0.24838904
0.24655271 0.23865917 0.26640856 0.24837956
0.24664993 0.23861185 0.26636812 0.24837010
0.24674719 0.23856463 0.26632754 0.24836064
0.24684446 0.23851750 0.26628684 0.24835120
0.24694177 0.23847047 0.26624600 0.24834177
0.24703910 0.23842352 0.26620503 0.24833235
0.24713646 0.23837668 0.26616392 0.24832294
0.24723384 0.23832992 0.26612269 0.24831355
0.24733124 0.23828327 0.26608133 0.24830417
0.24742866 0.23823670 0.26603984 0.24829480
0.24752611 0.23819024 0.26599821 0.24828544
0.24762358 0.23814387 0.26595646 0.24827610
0.24772106 0.23809759 0.26591458 0.24826676
0.24781857 0.23805141 0.26587257 0.24825745
0.24791609 0.23800533 0.26583044 0.24824814
0.24801363 0.23795934 0.26578817 0.24823885
0.24811119 0.23791346 0.26574578 0.24822957
0.24820877 0.23786767 0.26570327 0.24822030
0.24830635 0.23782198 0.26566062 0.24821105
0.24840396 0.23777638 0.26561785 0.24820181
0.24850157 0.23773089 0.26557496 0.24819258
0.24859920 0.23768549 0.26553194 0.24818337
0.24869684 0.23764020 0.26548879 0.24817417
0.24879449 0.23759500 0.26544552 0.24816498
0.24889215 0.23754990 0.26540213 0.24815581
0.24898982 0.23750491 0.26535861 0.24814665
0.24908750 0.23746001 0.26531498 0.24813751
0.24918519 0.23741522 0.26527121 0.24812838
0.24928288 0.23737052 0.26522733 0.24811926
0.24938058 0.23732593 0.26518333 0.24811016
0.24947829 0.23728144 0.26513920 0.24810107
0.24957600 0.23723705 0.26509495 0.24809200
0.24967371 0.23719277 0.26505058 0.24808294
0.24977143 0.23714859 0.26500610 0.24807389
0.24986914 0.23710451 0.26496149 0.24806486
0.24996686 0.23706053 0.26491676 0.24805585
0.25006458 0.23701666 0.26487192 0.24804685
0.25016230 0.23697289 0.26482695 0.24803786
0.25026002 0.23692922 0.26478187 0.24802889
0.25035773 0.23688566 0.26473667 0.24801994
0.25045544 0.23684221 0.26469136 0.24801099
0.25055315 0.23679886 0.26464592 0.24800207
0.25065085 0.23675561 0.26460038 0.24799316
0.25074855 0.23671247 0.26455471 0.24798426
0.25084624 0.23666944 0.26450893 0.24797538
0.25094393 0.23662651 0.26446304 0.24796652
0.25104161 0.23658369 0.26441703 0.24795767
0.25113927 0.23654098 0.26437091 0.24794884
0.25123693 0.23649838 0.26432467 0.24794002
0.25133458 0.23645588 0.26427832 0.24793122
0.25143222 0.23641349 0.26423186 0.24792244
0.25152984 0.23637120 0.26418528 0.24791367
0.25162746 0.23632903 0.26413860 0.24790491
0.25172506 0.23628696 0.26409180 0.24789618
0.25182264 0.23624501 0.26404489 0.24788746
0.25192021 0.23620316 0.26399788 0.24787875
0.25201776 0.23616142 0.26395075 0.24787007
0.25211530 0.23611979 0.26390351 0.24786139
0.25221282 0.23607828 0.26385616 0.24785274
0.25231032 0.23603687 0.26380871 0.24784410
0.25240780 0.23599557 0.26376114 0.24783548
0.25250527 0.23595439 0.26371347 0.24782688
0.25260271 0.23591331 0.26366569 0.24781829
0.25270013 0.23587235 0.26361781 0.24780972
0.25279752 0.23583150 0.26356982 0.24780116
0.25289490 0.23579076 0.26352172 0.24779263
0.25299225 0.23575013 0.26347352 0.24778411
0.25308957 0.23570962 0.26342521 0.24777561
0.25318687 0.23566921 0.26337680 0.24776712
0.25328414 0.23562892 0.26332828 0.24775866
0.25338139 0.23558875 0.26327966 0.24775021
0.25347860 0.23554869 0.26323094 0.24774177
0.25357579 0.23550874 0.26318211 0.24773336
0.25367295 0.23546891 0.26313318 0.24772496
0.25377008 0.23542919 0.26308415 0.24771659
0.25386717 0.23538958 0.26303502 0.24770823
0.25396424 0.23535009 0.26298579 0.24769988
0.25406127 0.23531072 0.26293645 0.24769156
0.25415826 0.23527146 0.26288702 0.24768325
0.25425523 0.23523232 0.26283749 0.24767497
0.25435215 0.23519329 0.26278786 0.24766670
0.25444904 0.23515438 0.26273813 0.24765845
0.25454590 0.23511559 0.26268830 0.24765021
0.25464271 0.23507691 0.26263838 0.24764200
0.25473949 0.23503835 0.26258835 0.24763380
0.25483623 0.23499991 0.26253824 0.24762563
0.25493293 0.23496158 0.26248802 0.24761747
0.25502958 0.23492338 0.26243771 0.24760933
0.25512620 0.23488529 0.26238730 0.24760121
0.25522277 0.23484732 0.26233680 0.24759311
0.25531930 0.23480947 0.26228621 0.24758503
0.25541578 0.23477173 0.26223552 0.24757697
0.25551222 0.23473412 0.26218474 0.24756892
0.25560861 0.23469662 0.26213386 0.24756090
0.25570496 0.23465925 0.26208289 0.24755290
0.25580126 0.23462200 0.26203183 0.24754491
0.25589751 0.23458486 0.26198068 0.24753695
0.25599371 0.23454785 0.26192944 0.24752900
0.25608987 0.23451095 0.26187811 0.24752107
0.25618597 0.23447418 0.26182669 0.24751317
0.25628202 0.23443753 0.26177517 0.24750528
0.25637801 0.23440100 0.26172357 0.24749742
0.25647396 0.23436459 0.26167188 0.24748957
0.25656985 0.23432830 0.26162011 0.24748174
0.25666569 0.23429214 0.26156824 0.24747394
0.25676147 0.23425609 0.26151629 0.24746615
0.25685719 0.23422017 0.26146425 0.24745839
0.25695286 0.23418438 0.26141212 0.24745064
0.25704847 0.23414870 0.26135991 0.24744292
0.25714402 0.23411315 0.26130762 0.24743521
0.25723951 0.23407772 0.26125523 0.24742753
0.25733494 0.23404242 0.26120277 0.24741987
0.25743031 0.23400724 0.26115022 0.24741222
0.25752562 0.23397219 0.26109759 0.24740460
0.25762087 0.23393725 0.26104487 0.24739700
0.25771605 0.23390245 0.26099208 0.24738942
0.25781117 0.23386777 0.26093920 0.24738187
0.25790623 0.23383321 0.26088624 0.24737433
0.25800121 0.23379878 0.26083319 0.24736681
0.25809614 0.23376447 0.26078007 0.24735932
0.25819099 0.23373029 0.26072687 0.24735185
0.25828578 0.23369624 0.26067359 0.24734439
0.25838049 0.23366231 0.26062023 0.24733696
0.25847514 0.23362851 0.26056679 0.24732955
0.25856972 0.23359484 0.26051328 0.24732217
0.25866423 0.23356129 0.26045968 0.24731480
0.25875866 0.23352787 0.26040601 0.24730746
0.25885302 0.23349458 0.26035227 0.24730014
0.25894731 0.23346141 0.26029844 0.24729284
0.25904152 0.23342837 0.26024454 0.24728556
0.25913566 0.23339546 0.26019057 0.24727830
0.25922973 0.23336268 0.26013652 0.24727107
0.25932371 0.23333003 0.26008240 0.24726386
0.25941762 0.23329750 0.26002821 0.24725667
0.25951145 0.23326511 0.25997394 0.24724950
0.25960521 0.23323284 0.25991960 0.24724236
0.25969888 0.23320070 0.25986518 0.24723523
0.25979247 0.23316870 0.25981070 0.24722813
0.25988598 0.23313682 0.25975615 0.24722106
0.25997941 0.23310507 0.25970152 0.24721400
0.26007275 0.23307345 0.25964682 0.24720697
0.26016602 0.23304196 0.25959206 0.24719996
0.26025919 0.23301061 0.25953722 0.24719297
0.26035229 0.23297938 0.25948232 0.24718601
0.26044529 0.23294828 0.25942735 0.24717907
0.26053821 0.23291732 0.25937231 0.24717215
0.26063105 0.23288649 0.25931721 0.24716526
0.26072379 0.23285578 0.25926204 0.24715839
0.26081645 0.23282521 0.25920680 0.24715154
0.26090901 0.23279478 0.25915150 0.24714472
0.26100149 0.23276447 0.25909613 0.24713791
0.26109387 0.23273429 0.25904069 0.24713114
0.26118617 0.23270425 0.25898520 0.24712438
0.26127837 0.23267434 0.25892964 0.24711765
0.26137047 0.23264457 0.25887401 0.24711094
0.26146249 0.23261493 0.25881833 0.24710426
0.26155440 0.23258542 0.25876258 0.24709760
0.26164623 0.23255604 0.25870677 0.24709097
0.26173795 0.23252680 0.25865090 0.24708435
0.26182958 0.23249769 0.25859497 0.24707777
0.26192111 0.23246871 0.25853898 0.24707120
0.26201254 0.23243987 0.25848293 0.24706466
0.26210387 0.23241117 0.25842682 0.24705815
0.26219510 0.23238259 0.25837065 0.24705165
0.26228623 0.23235416 0.25831442 0.24704519
0.26237726 0.23232585 0.25825814 0.24703874
0.26246819 0.23229769 0.25820180 0.24703233
0.26255901 0.23226966 0.25814540 0.24702593
0.26264973 0.23224176 0.25808895 0.24701956
0.26274035 0.23221400 0.25803244 0.24701322
0.26283086 0.23218637 0.25797587 0.24700689
0.26292126 0.23215888 0.25791926 0.24700060
0.26301156 0.23213153 0.25786258 0.24699433
0.26310175 0.23210431 0.25780586 0.24698808
0.26319183 0.23207723 0.25774908 0.24698186
0.26328180 0.23205029 0.25769225 0.24697566
0.26337166 0.23202348 0.25763536 0.24696949
0.26346141 0.23199681 0.25757843 0.24696334
0.26355105 0.23197028 0.25752144 0.24695722
0.26364058 0.23194389 0.25746441 0.24695113
0.26372999 0.23191763 0.25740732 0.24694505
0.26381930 0.23189151 0.25735019 0.24693901
0.26390848 0.23186553 0.25729300 0.24693299
0.26399756 0.23183968 0.25723577 0.24692699
0.26408651 0.23181398 0.25717849 0.24692102
0.26417535 0.23178841 0.25712116 0.24691508
0.26426408 0.23176298 0.25706378 0.24690916
0.26435268 0.23173769 0.25700636 0.24690326
0.26444117 0.23171254 0.25694889 0.24689740
0.26452954 0.23168753 0.25689138 0.24689155
0.26461779 0.23166265 0.25683382 0.24688574
0.26470591 0.23163792 0.25677622 0.24687995
0.26479392 0.23161332 0.25671857 0.24687418
0.26488181 0.23158887 0.25666088 0.24686844
0.26496957 0.23156455 0.25660315 0.24686273
0.26505720 0.23154038 0.25654538 0.24685704
0.26514472 0.23151634 0.25648756 0.24685138
0.26523211 0.23149245 0.25642970 0.24684575
0.26531937 0.23146869 0.25637180 0.24684014
0.26540651 0.23144508 0.25631386 0.24683456
0.26549352 0.23142160 0.25625588 0.24682900
0.26558040 0.23139827 0.25619786 0.24682347
0.26566715 0.23137508 0.25613980 0.24681797
0.26575378 0.23135203 0.25608171 0.24681249
0.26584027 0.23132912 0.25602357 0.24680704
0.26592663 0.23130635 0.25596540 0.24680161
0.26601287 0.23128372 0.25590719 0.24679622
0.26609897 0.23126124 0.25584895 0.24679085
0.26618494 0.23123889 0.25579067 0.24678550
0.26627077 0.23121669 0.25573235 0.24678018
0.26635647 0.23119463 0.25567400 0.24677489
0.26644204 0.23117271 0.25561562 0.24676963
0.26652747 0.23115094 0.25555720 0.24676439
0.26661276 0.23112931 0.25549875 0.24675918
0.26669792 0.23110782 0.25544026 0.24675400
0.26678294 0.23108647 0.25538174 0.24674884
0.26686783 0.23106527 0.25532319 0.24674371
0.26695257 0.23104420 0.25526461 0.24673861
0.26703718 0.23102329 0.25520600 0.24673354
0.26712164 0.23100251 0.25514736 0.24672849
0.26720596 0.23098188 0.25508869 0.24672347
0.26729014 0.23096139 0.25502999 0.24671848
0.26737418 0.23094105 0.25497126 0.24671351
0.26745808 0.23092085 0.25491250 0.24670857
0.26754184 0.23090079 0.25485371 0.24670366
0.26762544 0.23088088 0.25479490 0.24669878
0.26770891 0.23086111 0.25473606 0.24669392
0.26779223 0.23084148 0.25467720 0.24668909
0.26787540 0.23082200 0.25461830 0.24668429
0.26795843 0.23080267 0.25455939 0.24667952
0.26804131 0.23078348 0.25450044 0.24667477
0.26812404 0.23076443 0.25444148 0.24667006
0.26820662 0.23074553 0.25438249 0.24666537
0.26828905 0.23072677 0.25432347 0.24666070
0.26837133 0.23070816 0.25426444 0.24665607
0.26845346 0.23068969 0.25420538 0.24665146
0.26853544 0.23067137 0.25414630 0.24664689
0.26861727 0.23065320 0.25408720 0.24664234
0.26869894 0.23063517 0.25402808 0.24663781
0.26878047 0.23061728 0.25396893 0.24663332
0.26886183 0.23059954 0.25390977 0.24662885
0.26894305 0.23058195 0.25385059 0.24662441
0.26902410 0.23056450 0.25379139 0.24662000
0.26910501 0.23054720 0.25373217 0.24661562
0.26918575 0.23053005 0.25367293 0.24661127
0.26926634 0.23051304 0.25361368 0.24660694
0.26934677 0.23049618 0.25355441 0.24660265
0.26942704 0.23047946 0.25349512 0.24659838
0.26950715 0.23046289 0.25343582 0.24659414
0.26958710 0.23044647 0.25337650 0.24658993
0.26966689 0.23043019 0.25331717 0.24658575
0.26974653 0.23041406 0.25325782 0.24658159
0.26982599 0.23039808 0.25319846 0.24657747
0.26990530 0.23038225 0.25313908 0.24657337
0.26998445 0.23036656 0.25307970 0.24656930
0.27006343 0.23035102 0.25302030 0.24656526
0.27014224 0.23033563 0.25296088 0.24656125
0.27022089 0.23032038 0.25290146 0.24655727
0.27029938 0.23030528 0.25284203 0.24655331
0.27037770 0.23029033 0.25278258 0.24654939
0.27045585 0.23027553 0.25272313 0.24654549
0.27053384 0.23026087 0.25266366 0.24654162
0.27061166 0.23024637 0.25260419 0.24653779
0.27068930 0.23023201 0.25254471 0.24653398
0.27076679 0.23021780 0.25248522 0.24653020
0.27084410 0.23020373 0.25242572 0.24652645
0.27092124 0.23018982 0.25236622 0.24652272
0.27099821 0.23017605 0.25230671 0.24651903
0.27107500 0.23016243 0.25224720 0.24651537
0.27115163 0.23014896 0.25218767 0.24651173
0.27122808 0.23013564 0.25212815 0.24650813
0.27130436 0.23012247 0.25206862 0.24650455
0.27138047 0.23010944 0.25200908 0.24650100
0.27145640 0.23009657 0.25194955 0.24649749
0.27153216 0.23008384 0.25189000 0.24649400
0.27160774 0.23007127 0.25183046 0.24649054
0.27168314 0.23005884 0.25177091 0.24648711
0.27175837 0.23004656 0.25171137 0.24648371
0.27183342 0.23003443 0.25165182 0.24648034
0.27190829 0.23002245 0.25159227 0.24647700
0.27198298 0.23001061 0.25153272 0.24647368
0.27205750 0.22999893 0.25147317 0.24647040
0.27213183 0.22998740 0.25141362 0.24646715
0.27220598 0.22997601 0.25135408 0.24646393
0.27227996 0.22996478 0.25129453 0.24646073
0.27235375 0.22995370 0.25123499 0.24645757
0.27242736 0.22994276 0.25117545 0.24645443
0.27250078 0.22993198 0.25111591 0.24645133
0.27257403 0.22992134 0.25105638 0.24644825
0.27264709 0.22991085 0.25099685 0.24644521
0.27271996 0.22990052 0.25093733 0.24644219
0.27279265 0.22989033 0.25087781 0.24643921
0.27286516 0.22988030 0.25081829 0.24643625
0.27293747 0.22987041 0.25075879 0.24643333
0.27300961 0.22986068 0.25069929 0.24643043
0.27308155 0.22985109 0.25063979 0.24642756
0.27315331 0.22984166 0.25058031 0.24642473
0.27322488 0.22983237 0.25052083 0.24642192
0.27329626 0.22982324 0.25046136 0.24641914
0.27336745 0.22981425 0.25040190 0.24641640
0.27343845 0.22980542 0.25034245 0.24641368
0.27350926 0.22979674 0.25028301 0.24641099
0.27357988 0.22978820 0.25022358 0.24640834
0.27365030 0.22977982 0.25016416 0.24640571
0.27372054 0.22977159 0.25010475 0.24640312
0.27379058 0.22976351 0.25004536 0.24640055
0.27386043 0.22975558 0.24998597 0.24639801
0.27393009 0.22974780 0.24992660 0.24639551
0.27399955 0.22974018 0.24986724 0.24639303
0.27406882 0.22973270 0.24980790 0.24639059
0.27413789 0.22972537 0.24974857 0.24638817
0.27420676 0.22971820 0.24968926 0.24638578
0.27427544 0.22971117 0.24962996 0.24638343
0.27434392 0.22970430 0.24957067 0.24638111
0.27441221 0.22969758 0.24951140 0.24637881
0.27448030 0.22969101 0.24945215 0.24637655
0.27454818 0.22968459 0.24939292 0.24637431
0.27461587 0.22967832 0.24933370 0.24637211
0.27468336 0.22967220 0.24927450 0.24636994
0.27475065 0.22966623 0.24921532 0.24636779
0.27481774 0.22966042 0.24915616 0.24636568
0.27488463 0.22965475 0.24909701 0.24636360
0.27495132 0.22964924 0.24903789 0.24636155
0.27501780 0.22964388 0.24897879 0.24635953
0.27508408 0.22963867 0.24891971 0.24635754
0.27515016 0.22963361 0.24886065 0.24635558
0.27521604 0.22962871 0.24880161 0.24635365
0.27528171 0.22962395 0.24874259 0.24635175
0.27534718 0.22961935 0.24868360 0.24634988
0.27541244 0.22961489 0.24862462 0.24634804
0.27547750 0.22961059 0.24856568 0.24634623
0.27554235 0.22960644 0.24850675 0.24634446
0.27560699 0.22960245 0.24844785 0.24634271
0.27567143 0.22959860 0.24838898 0.24634099
0.27573565 0.22959491 0.24833013 0.24633931
0.27579968 0.22959136 0.24827131 0.24633765
0.27586349 0.22958797 0.24821251 0.24633603
0.27592709 0.22958473 0.24815374 0.24633444
0.27599049 0.22958165 0.24809499 0.24633287
0.27605367 0.22957871 0.24803628 0.24633134
